6930 
6791 
6233 
6235 
6234 
2178 
2179 
2017 
2023 
2022 
2020 
1996 
1997 
1990 
1995 
1994 
1982 
1988 
1987 
1985 
1977 
1981 
1945 
1935 
1940 
1922 
1928 
3962 
3961 
1926 
1925 
1923 
1900 
1908 
1905 
1904 
1903 
1901 
1893 
1895 
3926 
1870 
1872 
1826 
1814 
1819 
1816 
1812 
1798 
1802 
1758 
1756 
1757 
1665 
1671 
1670 
3707 
1669 
1662 
1663 
1657 
1658 
1620 
1627 
1581 
1587 
3631 
3630 
3628 
1583 
1582 
1545 
1552 
1551 
1550 
1546 
1536 
1542 
1540 
3601 
1538 
3610 
3607 
1521 
1492 
1496 
1451 
1449 
1443 
1428 
1435 
1429 
1412 
1415 
1414 
1413 
1390 
1324 
1329 
1327 
1310 
1315 
1311 
1297 
1306 
3389 
3386 
1304 
1277 
1241 
1249 
3341 
5107 
5106 
3340 
1248 
1245 
1242 
1181 
1184 
1183 
1182 
1179 
1075 
1084 
1082 
1076 
1052 
1034 
1039 
1038 
3127 
1432 
985 
986 
3069 
3068 
3067 
3065 
965 
974 
941 
946 
943 
924 
931 
928 
926 
874 
878 
876 
806 
809 
749 
738 
719 
725 
663 
666 
665 
635 
643 
2714 
2713 
4649 
2712 
641 
634 
566 
573 
552 
560 
558 
557 
529 
512 
521 
2589 
2586 
519 
514 
2535 
513 
502 
418 
408 
416 
414 
377 
386 
383 
357 
366 
2393 
365 
2387 
1303 
361 
359 
329 
337 
330 
319 
323 
322 
321 
308 
317 
316 
314 
2348 
4337 
4336 
4334 
202 
203 
196 
198 
185 
193 
191 
190 
187 
186 
181 
184 
183 
107 
113 
2146 
111 
778 
110 
108 
64 
65 
0 
3 1666 2959 849 354 84 77 163 159 78 49 43 688 444 438 3060 991 2059 31 21 903 798 790 422 420 2375 343 339 6489 5580 4057 2046 2675 620 615 7712 7567 7350 6355 5366 3769 1704 211 207 5691 4244 1850 1845 716 709 4481 2524 505 3487 1411 80 2219 210 4588 2639 593 591 2366 346 1409 72 66 1214 5340 3726 1681 861 857 830 618 448 452 449 1616 1609 7289 6998 6445 5504 1325 6383 5395 3796 1699 1691 3021 948 2515 498 493 690 5360 3766 1717 531 20 11 246 2211 188 679 91 87 1598 364 4272 2284 263 255 1696 6255 5190 3516 1454 1452 3615 1564 880 879 4587 5269 3620 1573 1565 3943 1917 456 1369 134 129 535 7357 7096 6685 5885 4537 2580 538 1374 2908 802 1510 1507 5755 1263 1258 2609 578 405 135 398 2746 673 300 298 1851 2628 571 613 607 1947 2837 773 764 638 2461 446 2462 4743 2860 789 194 7876 7763 7641 7451 7243 3202 1098 229 225 2567 541 1071 885 881 575 2030 2024 3521 7411 7208 6861 6169 5038 3223 1113 1109 2509 497 2243 231 7969 7911 1041 109 1024 481 389 387 73 539 2925 822 9 5103 3336 1256 1251 279 276 977 686 975 5581 6703 5915 4576 2631 588 582 763 754 1639 177 15 6488 7272 6979 6408 5462 3868 1806 1804 1891 528 458 6819 6050 4853 3033 963 758 4210 2181 2644 601 599 2250 7297 7003 6447 5490 3875 1809 7650 7458 7253 6944 4522 923 67 2261 252 2902 819 130 916 915 1291 1285 1493 407 1254 474 471 3909 1882 908 905 933 281 5471 3870 6396 5424 3812 1734 1727 5574 4038 2035 7 1003 533 147 140 6409 6732 5949 4635 2687 631 623 1434 4356 236 235 739 6691 5902 4465 7202 6857 7604 7405 7204 7956 7898 5918 7889 1857 990 450 889 7404 7192 6833 6132 4992 3184 1092 1085 843 838 392 1580 1575 995 993 1134 2679 606 2334 292 287 7450 637 507 2131 94 853 3890 1861 1858 3098 1017 999 912 1902 47 4663 3282 1158 1153 3968 1932 576 3716 1678 1588 2149 122 118 701 697 3102 1018 5111 3356 1280 2277 254 3265 1168 1167 2019 4848 5811 4412 2407 133 5101 3335 5988 4654 2721 646 71 97 1213 1210 2037 119 2786 702 3041 972 2299 260 1531 1403 2476 551 544 1769 1765 5180 3484 1416 5127 3364 1282 1954 3973 1638 1381 3573 1491 1490 2411 1623 4593 6093 4912 3107 1019 561 2854 786 5640 4154 2137 1505 1500 1111 687 4824 3008 2078 46 5318 3699 1660 1218 1341 7919 7831 7727 7584 1395 1393 1648 1646 2761 700 153 150 93 90 25 28 52 766 1436 157 664 5160 3433 1345 2974 870 431 428 1222 5035 3239 1139 3954 1919 3019 1535 2337 6971 6402 5453 3708 4639 2689 1477 2825 770 2471 1261 1651 2015 651 112 216 3159 1205 919 5116 3358 1257 4740 2861 2803 737 728 1832 1829 910 909 5985 4725 3854 1761 1759 2120 4530 949 2132 556 1313 253 3684 6922 6275 485 482 897 7083 6640 5774 4388 2404 376 367 632 189 628 868 1334 675 670 3941 3136 1048 1043 3986 1949 829 271 265 992 2531 1600 1599 2223 212 6126 4976 3170 1053 1330 3283 3790 2089 55 54 2537 504 4905 3697 3698 4394 2427 424 2634 757 4325 2341 309 1833 2547 530 96 175 170 2726 7754 6264 5202 3536 1475 4573 6956 6358 3480 1399 2962 1868 2907 5000 3192 1094 654 180 60 3132 1044 1095 1125 1601 464 459 5203 6417 1141 6632 7000 6444 5693 4258 2248 2317 2749 693 4544 2576 2045 2116 76 3728 1685 1682 1741 7402 7813 7708 7559 7341 7061 1915 3080 1175 3976 409 788 1174 569 1642 2560 2313 272 1418 417 1100 2491 468 1730 4317 2328 1879 3316 3066 455 3200 2032 3965 2546 4792 2909 2954 1121 3312 1232 1224 1442 3891 1645 3111 4174 2139 88 173 1946 1958 2619 581 4958 3141 1050 1054 765 4344 2355 2529 2780 717 1471 1470 3990 1941 1970 2795 724 756 3549 1473 4451 2493 3779 4305 2320 5430 3822 1763 259 3056 815 633 2941 7474 7271 3996 1971 1674 1673 6138 5015 3211 1105 925 605 1101 7723 7590 7383 7148 6757 5990 4735 2840 777 4618 2653 604 3105 4546 4748 2877 3476 4561 2608 3350 1274 1267 2676 4221 2143 4751 2880 2881 306 2680 1472 1907 658 356 117 358 1773 5711 4277 2292 3275 1290 5610 4109 2103 2167 4355 2372 7141 6750 7942 7870 7762 8054 8005 8020 7959 7905 7803 7693 7505 7327 7053 6543 5639 4142 2124 95 215 2140 2418 406 4417 2453 447 4404 2301 1948 6510 5605 4094 5867 4511 5859 4501 2548 534 205 5344 629 3151 1059 1897 4090 2086 7036 6509 7644 4014 2012 2007 4027 3448 1216 1386 1321 1023 4020 5863 7254 1316 2918 7562 7347 1526 433 1523 1624 3207 1103 5845 2076 7862 2596 1724 6866 6193 5082 3295 1207 1200 7284 6988 7946 7883 7783 7660 7468 7256 6960 6361 5370 3777 7947 8067 8036 7987 7920 7731 7594 7386 3903 3827 1764 7828 7941 7866 2637 7312 7020 6486 7482 7285 7511 7328 7057 6554 5645 4191 3014 937 694 4243 3688 1597 1590 2438 1534 2982 691 2051 14 3795 3209 5018 7114 6704 4407 2388 2922 4445 3722 1683 5142 3392 1318 2081 3555 1497 6452 3266 2172 2281 4222 2183 5945 4612 2666 3994 5992 3537 3551 3835 1772 2425 2470 2052 6947 6343 2506 1736 1735 3711 3216 5113 7909 3781 4224 4713 3953 7231 6906 6236 5354 3749 1705 1700 7237 6907 3814 1750 1301 1387 4037 7068 6575 5688 4242 5081 7929 7855 7733 7412 1437 4234 4283 2289 4543 5983 4729 2822 2801 2831 1713 1708 2699 644 567 1159 1559 2322 6208 5093 3320 3657 7656 7456 7863 7735 7606 7406 7203 7247 6943 7664 7896 7800 4390 7508 8099 8088 8074 8053 7997 7938 7703 7554 7344 7077 6631 5745 4314 2327 3956 1909 2723 5707 4264 2270 244 5843 4452 2991 3355 2061 19 3128 2815 7780 7649 3333 1253 1001 1718 242 176 172 206 248 1517 4604 2641 4623 5191 3970 3264 4078 2072 40 32 429 1190 4919 3108 5067 3277 3278 5619 4464 3187 4486 2530 7647 7453 6427 3040 969 2554 4286 7815 7713 4368 2400 4112 2106 2557 3995 2892 2204 4141 2118 6059 4866 3059 2315 5313 3693 1643 3110 4306 5592 4436 6551 4493 2539 2479 1091 2773 714 4548 2585 6671 5854 7221 6886 6215 5121 3366 1275 7135 6747 7795 7681 7503 4586 2691 645 353 124 247 4929 3123 1032 1025 4786 5663 2287 2439 1397 956 950 5369 7868 3147 1055 4830 6098 4928 7809 7935 7872 4218 2790 3330 5933 3900 1865 2938 825 421 2958 2125 1799 2113 3205 2661 614 7241 6925 6282 5215 3557 2391 477 5531 6359 6652 5794 7561 7232 6894 6227 5131 3377 7845 7730 4074 7671 7517 7338 7070 6844 6154 5029 3232 6815 6121 4960 3144 5907 4554 2597 2053 3434 6724 7403 7331 7209 8071 8050 7992 7927 7837 7692 8048 7984 7291 6999 5865 5213 3553 3660 4223 4195 3602 6850 6151 2105 3221 3114 1020 7422 3806 7217 6874 6202 6650 7426 7235 6911 6266 5345 5929 6231 5133 6249 8049 7993 7931 6677 6710 6968 6556 8012 4025 4189 89 396 6429 5473 503 2036 1453 4843 3029 5437 6762 5993 3655 7407 7010 6462 2812 4403 5579 7669 7483 7591 7385 7413 7216 3633 4697 5575 5257 3587 2412 3578 4598 2642 1577 7301 7718 7573 7632 7445 7902 7793 7673 7488 7298 5021 4892 3094 7064 6553 5641 4156 5118 7967 8085 1278 6003 4753 3572 2297 4847 5293 3653 5271 5773 6229 5803 4410 2448 436 6232 7971 7912 3047 1803 1231 5455 3861 7477 7273 7789 7668 7844 3441 1372 1366 5204 6041 550 7701 6794 6066 4869 6795 6356 3401 3383 1312 1606 6403 5454 7818 7714 4423 5925 4592 2994 2433 2134 2100 39 3658 6478 3935 4450 3126 4397 2434 2553 3892 3904 5521 6274 5208 7642 6779 6024 4787 6418 5468 3869 4876 3070 1014 1009 2571 973 1630 3103 5683 4237 6218 6404 7008 7509 7492 4619 4569 2629 1571 2199 5982 922 5352 3743 5485 3895 2764 3641 4380 3254 1147 744 1143 3883 1821 360 5965 4689 5566 2603 1754 2745 6388 6707 6764 7908 7090 6674 659 653 3839 1749 5648 4194 3608 6682 5877 4519 6319 5327 3694 6441 6639 5770 4358 2367 5671 4225 8056 8015 7416 7220 6316 6574 5932 6768 6005 6905 7180 6751 6796 6071 4875 7955 2445 4732 2158 6178 5063 2720 7429 5328 661 671 1998 6085 6303 5312 3690 1652 7002 5984 5380 3782 4558 2607 7360 7101 6693 3177 1086 3725 2034 1284 2082 2298 1884 3208 6529 3801 1738 4127 7089 7117 6645 5697 4265 7914 7814 7680 2410 6676 3054 4129 1939 3830 5036 3251 1150 7045 4070 5625 3337 6095 4920 5855 7745 7618 3332 2704 648 6550 6626 5721 4287 2969 1077 2518 7753 3148 5543 4002 1969 5039 7491 3362 4765 5518 3950 1918 2811 6146 5019 6267 5206 7124 6725 6991 7265 5716 3729 3563 1494 5022 3406 1889 1400 3166 4863 7928 6923 7886 7791 7843 5607 5768 6433 5499 6228 3710 639 1518 2273 3624 6518 7081 3393 4889 3081 3647 4719 4213 5589 4065 2055 4120 6105 4935 4899 6756 6156 5028 5708 5951 374 5290 8038 7578 7364 7401 5690 6415 7682 7504 4263 3584 3454 1375 2090 5427 7777 3024 955 7440 7240 4276 4549 3577 5045 5914 4567 8052 8075 7812 5729 4296 5785 4398 7085 6667 6129 4985 7282 6985 7933 7869 7748 7625 8063 699 1144 1332 2294 4504 1820 6706 1838 1837 5613 4119 2133 7107 3685 2200 2247 2249 3880 2242 1398 3923 3214 1357 1276 3079 5184 3513 4034 2018 3432 2787 1878 3179 5425 6160 7304 2498 4702 2792 1483 1482 6781 6036 3825 5278 6884 5650 4568 5760 4353 4348 2616 5628 4143 3168 5478 5935 6458 7890 7787 2421 3736 1690 3158 1356 1349 8106 8090 6513 5617 8093 1956 2882 4175 5893 4790 7598 2527 2532 2715 2668 6077 3213 3462 3546 3623 2102 2302 3030 1589 4209 2463 1612 5134 7170 6790 1703 2979 4648 8065 6341 3271 7370 7112 6712 125 6784 7943 7375 3580 3644 2505 3695 3780 6629 7063 3838 4230 4357 5023 5201 5637 5830 6333 6475 6826 6875 6936 6317 7102 7182 7249 7885 2160 221 3538 1484 7012 6464 5542 3999 2895 807 1469 775 2150 6017 4775 7100 3885 2283 5363 2162 6099 7311 3672 1632 3457 3074 7073 5143 5397 3774 2923 2921 4318 4006 1989 6080 2952 4944 3129 3391 2473 5704 4267 7257 5376 5967 4698 2783 2280 3272 7080 6139 6771 3591 2853 7158 3813 5775 4393 5934 4594 5248 3581 6620 7626 4599 7990 8062 2814 7441 7183 6057 750 149 393 499 5856 4496 4525 2572 630 3149 913 713 751 652 817 837 350 349 466 7807 608 657 5115 3343 1250 6484 6363 723 5429 752 453 1229 6848 1910 460 622 722 945 952 3140 4186 5073 3290 7238 6845 5047 1042 536 565 115 214 7409 336 445 3515 4009 8101 760 920 1495 5588 6413 5409 3804 4833 3905 7339 6487 953 660 2206 1021 1015 1072 1074 907 940 6021 1252 2112 1384 1463 1462 1635 3717 1664 2570 1686 1929 696 2182 1333 698 810 583 4001 4288 2279 6898 1335 1593 2004 1934 1964 2157 2275 2370 1323 2474 2955 3072 3152 1060 3190 3224 1122 4229 3438 3459 3992 4854 3037 964 3478 3735 3760 3776 3872 4076 2067 6679 5876 3952 4085 4121 4275 4294 4446 4485 7337 4509 4515 4916 7464 4987 5251 5288 5465 5482 5506 5316 5626 5786 5897 4552 6016 6244 6200 5092 6559 6699 5912 6407 6765 6839 6149 6946 7597 7761 8023 8024 1365 532 249 327 5492 616 4856 787 1234 3803 1537 3405 8111 1615 5235 3413 1305 2528 5052 7163 1688 4304 2237 2646 2929 2953 4891 3026 961 2559 3656 7699 3082 3416 3492 7396 3654 4031 4432 4720 4882 5294 5724 4300 4297 6663 5829 4679 7226 7999 824 821 5632 4146 2058 1040 1458 1604 2224 7757 7756 1752 1916 2694 2738 683 2758 6788 2821 3497 3613 3500 3960 3971 4529 7004 4136 2109 4172 7652 4647 4662 4733 3574 5513 4802 4877 3676 5314 7260 6966 5466 6344 6767 6868 7452 7653 7774 1154 1309 1264 1308 4626 6843 7324 1499 1647 1801 2010 1835 1836 2282 2824 3027 3113 3115 3514 3525 3686 3702 3719 3783 4088 4110 4124 4135 4399 4497 4566 3523 4591 4784 5050 5297 5548 5560 5880 5895 5890 4885 5998 6740 7389 1364 1406 1555 7965 1654 1785 1782 1875 3815 4207 2075 2255 2340 2601 3084 7740 7616 3228 2478 3428 3706 4011 4096 4500 5335 3720 2469 451 4584 4606 4971 5226 5801 6813 7639 7978 1528 6140 6070 1719 1794 1789 2041 10 4179 3864 3663 6807 6859 2049 1914 2070 2707 2228 2740 3233 3348 4864 4865 4879 4947 4986 5426 5483 5623 4132 4660 6648 5686 6327 5337 4166 5926 7214 7629 7865 1389 649 1233 2198 6539 2209 2221 828 827 2406 2695 8070 2977 3198 4967 6855 6972 7351 7976 3721 4035 5200 5978 1031 6079 7017 784 1298 1479 3442 1385 3291 3225 1603 3329 3889 4108 4133 4196 4260 4915 5132 7751 2057 2927 3133 3527 1467 2867 540 3863 3983 6305 4030 4053 4444 5621 5126 7098 8017 1062 1617 2189 171 201 3013 6800 2324 3321 4114 2363 4309 6917 4126 4285 5065 5108 5991 7334 5408 7408 1424 1420 2336 2674 4453 2484 6537 1489 7768 2507 2819 3887 1848 3050 5654 6810 988 1790 2359 2640 2872 3704 8076 3425 4211 4684 6955 5608 5833 6263 7801 7343 7373 7988 1219 1614 1786 2655 3131 5317 954 5398 6020 7071 7596 2972 7362 2044 2960 5428 1230 1834 6986 4411 7970 6719 5606 6465 7515 846 3481 3918 1883 4249 2234 5800 4281 5125 8073 6247 5012 7635 1266 7236 7973 3317 7239 3679 7613 7873 5076 5923 6733 4361 5764 6069 1920 2033 7836 2762 4420 7299 7770 5653 4330 6256 8034 5944 4477 5528 7050 1726 3915 7147 5493 3502 3119 2440 2754 7106 4764 7123 7286 4870 5525 6416 7013 6840 4583 3073 5192 5310 3402 6366 2517 703 4508 6675 7333 7060 7371 7444 3818 6498 7749 4750 2973 6027 4937 3121 7665 1243 2500 3194 1097 3276 5450 3410 4220 5086 3302 3531 6171 5243 3175 6990 6295 1797 1774 1927 6627 5638 7469 7766 7633 2235 4472 7024 3496 4762 1697 4901 1240 6633 3942 6516 3677 3011 5110 1830 5037 7689 3714 6022 6776 7079 3180 3810 4703 6962 1228 1002 4158 2135 6313 3043 6494 6329 7015 5603 4092 6823 4953 6476 7804 1198 4049 1382 2581 7772 3586 7738 5961 3397 1140 3821 6205 6903 2245 6334 3724 4479 1960 4815 3837 1844 1843 241 2693 7076 7568 6517 3482 2924 2774 6320 2727 2725 5955 6938 7621 7907 5151 2660 7252 7881 5348 5242 5155 6726 
7368 
7367 
2777 
3258 
3257 
3256 
3255 
5311 
6315 
164 
86 
82 
4192 
2119 
2696 
4645 
2568 
2565 
2563 
2561 
2441 
41 
4103 
4169 
4167 
7463 
7462 
7251 
2316 
4187 
4185 
3236 
1096 
2497 
394 
391 
2413 
2459 
2456 
2455 
2480 
2671 
2942 
2939 
865 
864 
862 
4810 
4809 
5342 
156 
154 
2165 
2126 
4144 
5630 
5629 
6544 
7323 
7051 
7049 
7048 
7047 
6542 
6541 
6540 
2542 
3191 
3189 
3188 
3186 
4217 
4216 
854 
852 
2961 
434 
7111 
7110 
2683 
6932 
6931 
6721 
6720 
7121 
7120 
4178 
5642 
5051 
2702 
2701 
3576 
3718 
3346 
4433 
2832 
2828 
5987 
5986 
1008 
1006 
2550 
2380 
4363 
3930 
3928 
3533 
5874 
2558 
4507 
1368 
1296 
1740 
1739 
1737 
3807 
3669 
2716 
2937 
2936 
2935 
2934 
2933 
2932 
2931 
4527 
6474 
6473 
6471 
1388 
280 
2383 
8035 
7910 
7966 
7968 
2225 
7563 
7707 
7560 
5564 
7026 
5323 
6158 
4351 
4696 
2744 
4413 
5814 
5813 
5810 
5809 
1294 
1293 
3167 
3165 
4807 
3092 
2159 
2475 
4443 
3058 
3057 
2763 
5567 
4904 
2584 
4540 
5887 
5886 
4816 
4808 
5268 
5267 
5266 
3612 
4162 
4160 
4159 
3237 
4150 
4149 
4147 
508 
6655 
2175 
2174 
1441 
4693 
4763 
3458 
4007 
5558 
5557 
5556 
3494 
3493 
1584 
62 
2088 
2087 
3365 
3363 
4710 
4709 
2513 
2511 
4201 
4199 
1468 
3529 
3130 
4360 
6739 
2564 
2525 
2598 
2593 
3270 
3268 
4903 
6092 
6091 
6088 
6087 
4900 
1549 
3097 
3096 
4897 
4896 
4895 
4894 
4893 
6086 
6801 
7176 
7175 
7174 
2457 
5170 
5169 
3093 
647 
6364 
4302 
6060 
6058 
3733 
3730 
5343 
2114 
2111 
2110 
4134 
5205 
4933 
5199 
6927 
2620 
2617 
2605 
887 
3157 
2627 
2899 
2897 
5149 
5148 
5147 
5146 
5145 
4637 
848 
2956 
105 
104 
2107 
4111 
1292 
2722 
772 
1410 
1408 
1407 
6064 
6061 
2085 
2569 
6044 
6785 
6042 
7167 
7166 
7165 
7164 
3648 
5279 
6291 
6290 
1978 
5277 
5276 
3646 
4153 
4968 
3444 
3146 
3009 
3005 
4770 
2919 
1320 
2805 
2804 
5636 
5635 
5633 
5631 
1771 
5446 
5444 
7191 
6576 
5689 
4004 
4003 
5547 
5229 
5682 
5681 
2350 
2262 
2258 
2257 
18 
4060 
4104 
3834 
3833 
4706 
4705 
4704 
4247 
4246 
5643 
935 
934 
2838 
6803 
3430 
3429 
4965 
4963 
6335 
29 
2092 
3691 
3967 
5555 
5554 
5553 
5552 
5550 
5005 
3446 
4690 
2326 
2677 
3984 
3981 
3980 
4687 
4686 
3178 
3734 
3561 
3559 
2069 
2068 
4190 
5728 
5727 
5726 
5725 
3042 
4859 
4858 
2785 
6742 
6741 
4533 
7587 
7586 
7726 
5687 
4902 
6147 
3388 
1892 
3106 
1340 
4324 
4323 
4322 
2711 
2295 
4293 
4292 
2381 
3195 
5001 
4462 
4460 
5904 
6400 
4814 
4812 
139 
138 
136 
960 
3440 
3439 
2643 
4600 
4596 
4595 
5236 
4782 
7442 
1906 
4274 
3357 
5112 
4560 
5546 
5545 
5544 
6470 
6469 
6468 
5382 
5381 
3829 
6168 
6167 
3222 
2325 
1336 
6842 
5748 
5747 
5746 
3443 
6387 
6386 
7069 
6665 
3820 
3817 
2210 
2208 
4231 
4758 
5537 
3544 
3543 
3542 
5975 
5972 
5971 
4678 
4677 
4676 
4675 
2432 
4396 
4395 
5778 
6644 
6643 
6642 
5261 
5260 
5259 
5469 
4083 
1045 
4081 
2990 
2989 
2984 
4819 
4818 
3504 
3503 
3501 
1755 
1751 
2730 
2729 
2742 
2741 
4582 
4581 
4580 
4577 
6188 
5080 
5353 
3747 
3744 
6945 
4977 
4975 
4632 
4630 
4629 
4628 
5582 
4797 
6030 
4796 
4794 
6028 
2203 
2201 
3404 
3172 
6155 
6153 
5027 
56 
2995 
2127 
1596 
1595 
4350 
4347 
4345 
2233 
3403 
4826 
3635 
3958 
5519 
5153 
6242 
6241 
5152 
6176 
6175 
6173 
5044 
2708 
2706 
6008 
6007 
5097 
4948 
5515 
1124 
128 
3120 
5871 
6237 
7230 
7229 
6904 
5214 
5141 
4010 
3585 
2910 
4791 
4788 
4163 
2906 
2905 
2903 
3939 
3938 
3937 
3934 
1810 
6439 
5491 
6440 
6449 
6448 
7582 
7487 
7486 
7489 
7295 
4240 
7303 
6446 
4435 
5489 
3874 
801 
2887 
2878 
2876 
2747 
2271 
2405 
5442 
3491 
5336 
4634 
3112 
1135 
3076 
5922 
5921 
5919 
3871 
3867 
3866 
427 
423 
2426 
3836 
2152 
4197 
120 
3642 
6389 
6967 
4682 
5078 
6197 
5077 
6023 
4714 
3689 
467 
465 
2486 
2485 
4455 
4454 
5815 
4419 
4418 
4416 
2437 
6454 
5964 
3951 
3773 
5838 
5837 
5836 
4708 
6031 
7086 
7353 
7608 
7607 
7352 
5784 
5783 
5782 
6371 
5365 
6123 
6122 
6120 
4959 
4914 
5322 
5321 
5320 
4668 
4773 
5736 
5735 
5695 
5754 
5751 
5685 
4219 
4723 
3545 
3651 
3650 
3649 
3071 
273 
2319 
2318 
2176 
3988 
3987 
3985 
4442 
4440 
2588 
4494 
6772 
6770 
6152 
5043 
1653 
1650 
3687 
932 
2510 
3289 
3286 
7932 
7994 
8083 
3229 
4228 
4227 
6569 
6568 
7007 
5776 
3556 
4575 
4574 
5675 
5674 
3227 
3226 
2130 
1093 
4989 
6186 
6185 
4988 
5319 
6314 
761 
759 
2813 
2810 
2809 
3215 
8064 
5399 
7055 
6548 
6547 
4484 
2788 
4700 
5956 
5954 
2164 
4659 
4657 
4656 
6075 
6074 
6073 
1061 
3155 
3154 
3143 
5769 
5767 
4685 
2346 
2343 
5389 
5853 
5852 
4996 
5847 
5846 
4768 
2378 
3519 
3518 
8086 
8095 
8094 
8022 
7884 
3865 
3862 
6405 
904 
902 
899 
7082 
5948 
4073 
4072 
3625 
4570 
4867 
3661 
6294 
6293 
5289 
5301 
5300 
5299 
5298 
5292 
875 
2776 
1841 
2364 
5573 
6696 
6695 
7103 
6692 
5346 
6159 
5906 
7108 
6705 
5488 
5487 
3894 
5484 
6873 
6872 
6199 
5091 
1338 
7636 
7764 
7634 
776 
4208 
5609 
7067 
7066 
6763 
4204 
4203 
7645 
7769 
7875 
7765 
7878 
7675 
7903 
7792 
7888 
7887 
6745 
4029 
7672 
6530 
6528 
6527 
6526 
5762 
7369 
7759 
7758 
5218 
7631 
7443 
7630 
6619 
6618 
7438 
7437 
4655 
7436 
5378 
6373 
6372 
6184 
6183 
6182 
5006 
2667 
4613 
1815 
2665 
4614 
2663 
4572 
8112 
8113 
8110 
8109 
7798 
7797 
7796 
3250 
7001 
7894 
7893 
7892 
5931 
3998 
3997 
7473 
7374 
6867 
4564 
4563 
4562 
5909 
5467 
6000 
5710 
5709 
2263 
2399 
5996 
5995 
5411 
5410 
6414 
6411 
1849 
5498 
5497 
5496 
5495 
5494 
3886 
6362 
959 
957 
3463 
3460 
4406 
5793 
5792 
5791 
6561 
6775 
6811 
6809 
6808 
7178 
3858 
1760 
3083 
3334 
5096 
5095 
4539 
6119 
6118 
2709 
4951 
4803 
6039 
3387 
5973 
5644 
5258 
6049 
6048 
6045 
4845 
1698 
3740 
3737 
4279 
2291 
2288 
262 
261 
4415 
4414 
5799 
5798 
5797 
5796 
5795 
6653 
7088 
7087 
6287 
6296 
7287 
6288 
6286 
5734 
2673 
6194 
6191 
6870 
6248 
6245 
5364 
6352 
5362 
5361 
5359 
6181 
6180 
6505 
6503 
6259 
6258 
6257 
6711 
6717 
6716 
6715 
7306 
7305 
7294 
7292 
8030 
8029 
8028 
8027 
8026 
8025 
7564 
6437 
6871 
7155 
5979 
5634 
3063 
3062 
1864 
3888 
3805 
6649 
5053 
5329 
6326 
6325 
6324 
6323 
6322 
6321 
6046 
6820 
6746 
3160 
6318 
6937 
4822 
4754 
4664 
1326 
7516 
6385 
5448 
7072 
6174 
3590 
7698 
7697 
7696 
7581 
7336 
7335 
6924 
8010 
8009 
6921 
6920 
5392 
5391 
5390 
5379 
4335 
3794 
3793 
3792 
3789 
3788 
3787 
3784 
5373 
5372 
5371 
2664 
2818 
3032 
5501 
5500 
6436 
7029 
6435 
6434 
6432 
4555 
4545 
4517 
3901 
8021 
7964 
7962 
7961 
7065 
1363 
1362 
1361 
3423 
5869 
5868 
6678 
7091 
7093 
5866 
7355 
7354 
4362 
6647 
6646 
6743 
3318 
6888 
6887 
7222 
7423 
7628 
2779 
7417 
7622 
4711 
7219 
6195 
6885 
4828 
6034 
3376 
6243 
5177 
5835 
5834 
5832 
5831 
5828 
5825 
5824 
5823 
3045 
2043 
3920 
3419 
3418 
4102 
1959 
1957 
8103 
6515 
6514 
8107 
8108 
8105 
8104 
7510 
7683 
7802 
7901 
7900 
7899 
7895 
7799 
7897 
7507 
7506 
7729 
7695 
7694 
7425 
6926 
7838 
8051 
8072 
8082 
7326 
6729 
6727 
4722 
7926 
7925 
2073 
6037 
7162 
7345 
7342 
5374 
6219 
6893 
6891 
6889 
3940 
5161 
6124 
5098 
5701 
5700 
5698 
2890 
2042 
3414 
3412 
3411 
5842 
5840 
6918 
6916 
7099 
7359 
7358 
7719 
7821 
7820 
7717 
7716 
7715 
4307 
5739 
5738 
5737 
543 
6684 
6683 
4936 
6273 
6272 
6271 
6659 
6658 
3385 
4063 
4636 
5179 
5673 
4692 
5942 
4622 
7454 
7646 
5046 
6910 
6538 
6536 
7318 
7317 
3588 
677 
6459 
5441 
5530 
4983 
4982 
4981 
4980 
5449 
1937 
3280 
3078 
5997 
3748 
3359 
6878 
6877 
6876 
7218 
7415 
6851 
7199 
6636 
4681 
4005 
5421 
5420 
5419 
6849 
7201 
7200 
6847 
6846 
7414 
7615 
7614 
4888 
5017 
5016 
6828 
1680 
3713 
1675 
5014 
4405 
6798 
6797 
6068 
4868 
5818 
5447 
6011 
6010 
6009 
6723 
6651 
6384 
6965 
6964 
6467 
6466 
4359 
7011 
5540 
1186 
7270 
7269 
7268 
7157 
7390 
7156 
6890 
6957 
7014 
7264 
7263 
5207 
6270 
6269 
6268 
6941 
6914 
6799 
4617 
4128 
4123 
5614 
5481 
5173 
4701 
381 
4610 
4609 
5233 
5232 
5231 
332 
3323 
5658 
6457 
6456 
6455 
8045 
5570 
5569 
4970 
5889 
5826 
4661 
4608 
6577 
5593 
213 
5217 
3238 
2798 
5007 
6107 
6758 
7592 
7439 
7384 
7724 
7826 
7825 
7824 
7823 
7822 
1108 
1107 
1104 
7589 
7588 
5888 
1867 
7097 
7387 
7595 
7734 
7841 
7839 
5527 
3948 
7846 
5324 
3629 
320 
6230 
5130 
5129 
5128 
3138 
7995 
6786 
6734 
6731 
6730 
6056 
7842 
7583 
1160 
6814 
5660 
5591 
5590 
6501 
6500 
5962 
6738 
7104 
6934 
6897 
7225 
6896 
6995 
7399 
2543 
936 
6825 
6824 
6749 
6748 
6929 
6928 
5892 
6853 
4984 
5917 
5916 
7019 
7310 
7309 
7308 
5706 
3993 
7016 
6951 
6950 
6949 
6948 
7224 
7420 
7223 
3692 
6892 
6342 
6718 
984 
983 
982 
981 
980 
978 
6702 
6701 
6453 
2718 
3808 
1117 
1115 
1110 
3002 
6836 
4829 
5517 
6211 
6210 
6150 
6841 
7194 
7193 
3461 
6994 
6993 
6511 
7035 
4130 
5950 
6394 
6393 
6392 
6391 
6395 
6360 
5423 
3550 
6410 
7274 
7478 
7662 
7661 
7784 
2950 
7054 
6978 
1943 
6858 
6856 
6033 
6670 
6669 
5812 
7332 
7075 
3921 
7062 
6555 
7058 
7329 
7513 
7512 
7684 
7255 
7457 
7657 
6239 
6013 
7455 
7446 
7461 
7460 
7459 
7651 
7433 
7431 
7430 
1706 
3759 
3758 
3756 
3755 
3754 
1702 
3012 
4717 
4940 
5788 
5787 
3242 
6463 
7302 
7494 
7493 
7950 
7949 
7948 
7325 
7059 
7678 
7835 
7663 
7109 
5699 
7677 
7676 
7490 
7300 
7159 
2618 
7009 
6451 
3269 
2314 
4312 
4311 
4310 
4200 
6461 
7779 
7648 
4349 
3345 
7122 
2650 
2166 
2951 
7267 
7266 
7393 
7392 
7877 
7945 
7944 
4245 
3347 
2862 
4741 
2858 
7936 
7996 
8060 
8019 
7958 
7674 
6390 
3417 
2859 
7904 
6102 
7781 
7871 
8003 
8091 
2625 
7924 
6040 
8004 
7963 
7923 
8102 
8100 
7954 
7553 
8098 
8058 
4667 
8016 
8057 
8077 
7874 
7773 
7771 
4488 
4487 
7679 
3857 
7605 
7737 
7207 
7206 
7205 
7848 
7847 
6863 
6862 
7619 
3449 
800 
7624 
7623 
7755 
7858 
7857 
7752 
7856 
7750 
7739 
4346 
4969 
5405 
5404 
5403 
5402 
5401 
5400 
7746 
7854 
7853 
7852 
7891 
7867 
7998 
4718 
7940 
7939 
5477 
7744 
7743 
7617 
7742 
7741 
7860 
7859 
5804 
7432 
1984 
5216 
6261 
6260 
6065 
5908 
4320 
3966 
4028 
2029 
2028 
2026 
2025 
2833 
7410 
6755 
5325 
3731 
7612 
7611 
7610 
7609 
7151 
7150 
7149 
5963 
3979 
7736 
7851 
7850 
7849 
7879 
8006 
6374 
7776 
7922 
7921 
7145 
7144 
5583 
4040 
8037 
8068 
8081 
8080 
7991 
8047 
8046 
7989 
8042 
8041 
8040 
8039 
6018 
7485 
7427 
7747 
7654 
5264 
5263 
6830 
4339 
6657 
6038 
2232 
2231 
2230 
2229 
2227 
2226 
7691 
7690 
7688 
7687 
7686 
7314 
7514 
6760 
6759 
2575 
1119 
5315 
3183 
2101 
199 
6766 
7173 
7172 
7171 
6804 
7137 
7136 
7378 
7377 
7376 
7134 
7133 
7132 
7131 
7130 
7129 
7128 
7127 
7126 
5181 
6251 
5861 
5860 
6673 
7040 
7039 
7038 
7037 
6668 
7570 
7569 
7565 
7819 
4019 
7620 
5559 
7817 
7816 
7913 
7977 
8044 
8043 
7953 
5418 
4338 
7975 
7974 
8033 
8032 
8031 
4949 
7972 
6901 
6899 
6032 
6787 
238 
7666 
5334 
7833 
7930 
8018 
7832 
7785 
7250 
7248 
7322 
7321 
7320 
7476 
7043 
5576 
5771 
2888 
7246 
5715 
6625 
6164 
6163 
6162 
6161 
4082 
7391 
7419 
8011 
7659 
7435 
5049 
7467 
7434 
6524 
6523 
5620 
5618 
5616 
5615 
5422 
5976 
5572 
3006 
4823 
6688 
6959 
6958 
6216 
2911 
5722 
2395 
900 
6961 
597 
596 
594 
2638 
592 
5720 
5719 
5718 
2329 
4284 
8008 
8007 
7484 
7790 
7788 
7952 
7951 
7366 
7365 
7005 
7577 
7576 
7728 
7575 
7722 
7574 
6067 
2444 
6412 
8079 
7934 
8002 
8001 
1862 
8000 
6012 
7720 
7706 
6837 
4282 
4589 
5124 
6100 
4140 
4139 
8078 
6694 
8061 
7046 
7262 
7472 
7471 
7470 
7296 
6304 
5974 
5119 
6223 
6220 
5117 
4605 
6398 
6397 
6090 
6499 
7034 
7033 
7032 
2552 
4378 
4377 
4376 
4375 
4374 
4372 
4371 
4370 
4369 
6302 
6301 
6300 
6299 
4084 
3745 
1953 
7125 
6744 
7957 
8014 
7840 
7330 
7552 
7551 
7550 
7549 
7548 
7547 
7546 
7545 
7544 
7543 
7542 
7541 
7540 
7539 
7538 
7537 
7536 
7535 
7534 
7533 
7532 
7531 
7530 
7529 
7528 
7527 
7526 
7525 
7524 
7523 
7522 
7521 
7520 
7519 
7518 
5827 
4673 
7400 
7179 
7177 
6472 
5957 
6051 
518 
3354 
5122 
3746 
7074 
7711 
7710 
7709 
7916 
7915 
7983 
7982 
7981 
7980 
7979 
7119 
7118 
6737 
3288 
5013 
6136 
6135 
2142 
4793 
7116 
7261 
1337 
7960 
5249 
5159 
6276 
3456 
7558 
7906 
3947 
3944 
7811 
7810 
4482 
5851 
5850 
5680 
5678 
5677 
5377 
5375 
2163 
5262 
2115 
715 
711 
710 
4480 
4478 
4476 
7228 
4571 
7702 
7808 
7864 
6664 
6262 
7700 
7806 
7805 
7585 
7557 
7556 
7555 
7025 
6753 
3914 
3445 
126 
7340 
5999 
4421 
3816 
6981 
7667 
5596 
5595 
4408 
2047 
7670 
7725 
7786 
7421 
6495 
8059 
7732 
1080 
6493 
6492 
6491 
553 
4811 
6852 
6443 
6442 
7154 
7153 
7152 
5445 
5905 
2191 
6638 
6637 
7497 
7496 
7499 
7498 
2626 
2396 
6752 
6635 
6634 
6072 
7018 
6987 
7283 
7480 
7280 
7027 
7198 
5857 
5228 
4966 
4503 
6984 
6265 
5282 
3977 
1511 
1522 
5894 
5541 
2928 
7418 
7501 
7500 
4755 
6854 
7481 
2362 
6656 
5651 
5649 
6558 
6557 
5647 
7882 
7880 
7782 
1439 
7319 
6198 
6722 
621 
619 
7566 
7349 
7348 
6006 
5291 
2508 
4122 
4752 
1078 
3231 
5858 
2891 
3560 
3139 
7169 
7168 
5872 
6535 
6534 
6533 
6531 
6196 
4643 
6793 
6792 
3360 
7986 
7215 
7475 
7985 
8069 
6816 
7185 
7184 
7346 
4434 
4273 
4051 
4050 
4048 
5670 
5668 
5667 
5666 
5665 
6545 
5003 
4321 
5756 
4862 
4674 
7146 
7197 
7196 
7195 
4521 
4520 
3683 
2244 
4252 
4251 
2670 
2241 
4155 
2060 
230 
228 
227 
98 
2512 
2141 
7293 
4680 
5480 
5479 
5780 
4941 
4707 
4008 
1057 
7830 
7829 
7918 
7917 
7044 
7161 
7160 
4631 
3828 
3826 
3824 
3532 
4250 
3530 
7827 
7227 
6406 
5717 
2538 
1246 
6883 
6882 
6549 
6207 
6206 
6881 
6880 
6879 
6157 
6709 
3678 
2083 
7307 
7115 
7372 
6078 
7052 
6187 
6687 
6686 
6399 
4400 
4459 
3619 
3562 
689 
1676 
6754 
7466 
7465 
7658 
4950 
2274 
5903 
4041 
5526 
7603 
5539 
3199 
6525 
8013 
8087 
5766 
5765 
5763 
2886 
3898 
7767 
7234 
5841 
5571 
6209 
5662 
5661 
5109 
5529 
6829 
8066 
5952 
997 
4262 
4024 
4023 
3925 
114 
1585 
6330 
2857 
2855 
2851 
1748 
1747 
1746 
1745 
1687 
1684 
5439 
5438 
3104 
5435 
5434 
5432 
5431 
4821 
3924 
3652 
5158 
6204 
6203 
4772 
4994 
4993 
6133 
6835 
6834 
7602 
7600 
2117 
7599 
4137 
4831 
5646 
4198 
5183 
5182 
4499 
7143 
5928 
4666 
6832 
5953 
2816 
6131 
7290 
7428 
6975 
6974 
6838 
4343 
4716 
1974 
1973 
3991 
3989 
1874 
6062 
4795 
2760 
5452 
4095 
6522 
6521 
6520 
6519 
7041 
6246 
6973 
6970 
3534 
6969 
6532 
3738 
6806 
6805 
5172 
4699 
3230 
5604 
4280 
1079 
2645 
2005 
1613 
411 
4498 
6812 
5749 
4909 
4908 
4907 
4906 
831 
2949 
2947 
2946 
2945 
2943 
4918 
4917 
2481 
6997 
6996 
6939 
5879 
6736 
6735 
1649 
5878 
7095 
7094 
6490 
7028 
5849 
5848 
344 
341 
7031 
7030 
6900 
6789 
6560 
2356 
6681 
6680 
7092 
4611 
4463 
5875 
6307 
2526 
6306 
5920 
2750 
2251 
4991 
4990 
4759 
59 
1788 
1784 
1259 
5020 
678 
6940 
5150 
3485 
7245 
7244 
7242 
3929 
3659 
7937 
5168 
7388 
7142 
7382 
7381 
7380 
7379 
6783 
4226 
7140 
7363 
7361 
7572 
7571 
3287 
4785 
5272 
3137 
6401 
7705 
7704 
7601 
6902 
6895 
6817 
5211 
4932 
4931 
4930 
2104 
7760 
7640 
7627 
7356 
7042 
6935 
7078 
6942 
7139 
7138 
5802 
146 
143 
142 
141 
6047 
1022 
7281 
6728 
5927 
5396 
6381 
6380 
6379 
6378 
6376 
6375 
6353 
2602 
2732 
6933 
6802 
5068 
3490 
7398 
7397 
781 
7395 
7394 
6952 
1088 
6963 
7278 
7277 
7276 
7315 
4333 
6953 
5676 
1377 
7258 
987 
3972 
3902 
7638 
7637 
6630 
6166 
6165 
5753 
297 
293 
290 
7449 
7448 
7447 
6919 
6778 
6777 
5156 
6347 
6346 
6345 
4331 
4100 
4099 
4097 
4052 
3422 
500 
4474 
4473 
1106 
2516 
2436 
496 
3675 
3674 
1631 
6438 
5302 
5870 
914 
5307 
5306 
5305 
4340 
2587 
5197 
3800 
2988 
2986 
2863 
906 
6063 
6431 
6430 
7288 
7580 
7579 
2269 
2267 
2265 
7275 
2688 
4979 
4978 
4825 
4820 
3528 
6567 
4303 
3715 
2710 
6428 
5516 
5440 
5472 
5209 
2957 
2377 
5309 
5308 
6780 
6026 
6025 
6690 
6689 
6562 
5089 
5270 
8097 
8096 
4308 
6357 
6954 
6909 
5752 
3431 
2971 
4962 
4069 
4068 
4067 
4066 
4290 
4289 
4151 
2904 
7279 
7113 
6827 
6292 
7056 
5463 
5535 
5534 
3680 
5349 
6340 
6337 
6336 
4972 
2748 
5347 
4534 
4168 
1980 
6552 
4535 
4202 
4176 
3799 
3763 
5358 
5357 
5356 
5355 
4062 
3786 
3267 
3171 
4952 
2403 
179 
178 
2692 
457 
6977 
6976 
7181 
5171 
4253 
5692 
5330 
4715 
5924 
2976 
4585 
3369 
3367 
7316 
4089 
4087 
4086 
6507 
6506 
4505 
5230 
6983 
6982 
6641 
6192 
6913 
6912 
4886 
4161 
5601 
5600 
5599 
5598 
5597 
5443 
5295 
6298 
6297 
5025 
6148 
6004 
6769 
6002 
6001 
5958 
6617 
6616 
6615 
6614 
6613 
6612 
6611 
6610 
6609 
6608 
6607 
6606 
6605 
6604 
6603 
6602 
6601 
6600 
6599 
6598 
6597 
6596 
6595 
6594 
6593 
6592 
6591 
6590 
6589 
6588 
6587 
6586 
6585 
6584 
6583 
6582 
6581 
6580 
6579 
5436 
1644 
1641 
123 
1176 
5212 
4315 
4386 
2574 
4385 
4384 
4383 
6284 
6479 
6477 
6213 
6212 
3785 
5388 
5387 
5386 
5385 
5384 
5383 
6369 
6368 
6367 
4578 
5140 
5026 
3101 
3100 
3099 
3922 
4861 
6708 
2286 
5930 
4597 
1813 
3878 
5157 
4332 
4468 
4467 
4466 
3023 
50 
5105 
5104 
5505 
6450 
4995 
2734 
1279 
4291 
5102 
1348 
1347 
3437 
3436 
3435 
5167 
5166 
6250 
5943 
5486 
5164 
5163 
4776 
5669 
4644 
4774 
1405 
3596 
3595 
4849 
998 
1533 
1530 
1529 
4036 
6253 
6252 
5040 
1419 
6782 
5162 
4946 
8 
1343 
579 
6332 
6331 
6221 
5474 
6189 
6869 
4624 
5075 
5074 
4032 
3709 
6145 
6144 
6143 
5178 
5024 
6142 
6141 
6831 
5679 
4939 
4148 
4079 
804 
5333 
5332 
5331 
5265 
4805 
6137 
1863 
5256 
5255 
5254 
5253 
5250 
5696 
5120 
5244 
4021 
1822 
1474 
3579 
3453 
3450 
2657 
2656 
3398 
2662 
979 
2651 
375 
600 
2246 
4256 
4389 
4620 
2335 
4506 
3739 
3723 
2913 
1936 
4547 
3505 
4268 
6578 
2797 
4532 
4531 
1554 
333 
1221 
5702 
5227 
2672 
4266 
1037 
6130 
4737 
3957 
6566 
6565 
6564 
6563 
3945 
4590 
6908 
2222 
6915 
6254 
5154 
2063 
5189 
5188 
3855 
3520 
7233 
6989 
6761 
5523 
6172 
6043 
5241 
7495 
7685 
5240 
5239 
5238 
5237 
2595 
2402 
5744 
5807 
5806 
5805 
6094 
6419 
3488 
2323 
419 
895 
891 
4616 
4514 
6214 
5960 
6662 
6661 
6338 
6240 
3351 
3150 
4781 
4780 
4779 
4731 
1314 
1715 
1714 
1711 
4439 
4438 
1605 
1602 
808 
1402 
6497 
6496 
4342 
2254 
5587 
5586 
5585 
4798 
3634 
4341 
3604 
3344 
3075 
4059 
4058 
2778 
495 
5844 
3645 
4259 
4184 
4183 
4181 
4180 
2108 
2148 
2016 
2013 
4017 
4016 
4013 
1197 
1194 
1193 
1192 
2009 
5034 
4721 
3342 
1508 
970 
4238 
6573 
6572 
6571 
6570 
6054 
4961 
4125 
4236 
3600 
3173 
4615 
1817 
326 
1090 
1976 
4118 
4117 
4116 
4115 
4113 
4015 
3662 
3593 
2998 
4044 
4043 
3936 
3486 
2624 
3296 
4800 
4799 
4313 
4536 
7188 
7187 
7186 
3673 
5061 
5060 
3552 
4842 
4841 
4840 
6055 
4839 
5512 
5511 
5510 
5509 
5508 
6127 
7190 
7189 
5280 
4045 
6822 
6821 
6201 
2652 
6108 
5910 
6370 
5817 
5816 
4301 
3949 
1839 
4880 
4878 
4806 
4761 
4742 
4026 
1725 
526 
525 
523 
6818 
6104 
1553 
3499 
3495 
624 
4851 
4850 
2556 
1378 
1212 
1548 
3599 
3598 
3046 
542 
5808 
6278 
6980 
5873 
6277 
5210 
5862 
5936 
6714 
6713 
3609 
2981 
5565 
3840 
1898 
2649 
783 
6101 
5514 
6700 
6485 
7023 
7022 
7021 
5584 
4621 
2494 
6483 
6482 
6481 
6480 
1733 
1731 
5522 
5611 
3636 
1136 
2883 
5913 
6698 
6697 
5004 
5451 
3614 
3802 
4954 
5947 
5946 
4730 
515 
4945 
4152 
3145 
2488 
4973 
4646 
5223 
5222 
5221 
5219 
5198 
2826 
2385 
2122 
971 
3031 
1896 
5070 
5069 
4804 
4278 
2885 
382 
6179 
6865 
6864 
5989 
6177 
5594 
5062 
5714 
5712 
6622 
6621 
1779 
1778 
5064 
4724 
3274 
3273 
5059 
4607 
3568 
3566 
5234 
3565 
1777 
3851 
3850 
3849 
3848 
3847 
3846 
3845 
3844 
3843 
3842 
6624 
5533 
4513 
2765 
6076 
4512 
5891 
4695 
3234 
3479 
3477 
5176 
5175 
5174 
4165 
3427 
1519 
5138 
5137 
4691 
8055 
2823 
4727 
5532 
1961 
3381 
3379 
2983 
3474 
2431 
3468 
3467 
3466 
3465 
1547 
1396 
6460 
1394 
6382 
6312 
1255 
5394 
5341 
5470 
6226 
6225 
6224 
5433 
4475 
4101 
3637 
2848 
2846 
2889 
5723 
2520 
4422 
2180 
5139 
4382 
4381 
4379 
996 
2021 
4022 
3670 
3319 
590 
2632 
586 
585 
2339 
2236 
1404 
1515 
1514 
1513 
3611 
443 
440 
439 
968 
5100 
5099 
2368 
2217 
3791 
1157 
437 
2789 
1983 
3095 
4402 
240 
2514 
1328 
5009 
2458 
6426 
6425 
6424 
6423 
6422 
6421 
6420 
1478 
3039 
3038 
4367 
4366 
4364 
5758 
5185 
2829 
4093 
3575 
2697 
426 
4145 
2604 
1273 
1272 
1270 
1269 
3592 
57 
2845 
2844 
2842 
2841 
4734 
4241 
2622 
2839 
4426 
4425 
4424 
2755 
3548 
3409 
4957 
4955 
6217 
5672 
4844 
4633 
5733 
5731 
5730 
6628 
2987 
6084 
6083 
6082 
6081 
5090 
6860 
4316 
6035 
2534 
2296 
7259 
6019 
4193 
1185 
8089 
7643 
5195 
4777 
6512 
6238 
5338 
4652 
4651 
1046 
5743 
5742 
5612 
5281 
8092 
7655 
7778 
7210 
4813 
5741 
5740 
4852 
4441 
4182 
2121 
1498 
3564 
1955 
3617 
3616 
3061 
2698 
2347 
3919 
3917 
3916 
2014 
1877 
1876 
1173 
1913 
1912 
3933 
3932 
3931 
3589 
2600 
5010 
5941 
5940 
5939 
5937 
5789 
2920 
3053 
3049 
2731 
1800 
3259 
3142 
2156 
5094 
3701 
3907 
3906 
7105 
3859 
3841 
2435 
3426 
3240 
127 
3314 
274 
4373 
6281 
6280 
6279 
6128 
6774 
6773 
6623 
6365 
4827 
5864 
3380 
4510 
3583 
1049 
250 
2312 
2311 
2309 
2307 
2306 
53 
5464 
2268 
7834 
4999 
4998 
4997 
4736 
2419 
395 
2417 
2416 
4012 
3322 
168 
401 
378 
2533 
1199 
2594 
1679 
3712 
5657 
5656 
5652 
1283 
3313 
5088 
5087 
5011 
4502 
2751 
2549 
1572 
99 
5703 
4365 
3361 
867 
5326 
5057 
5056 
5055 
5054 
4409 
5624 
5622 
3597 
2522 
1188 
1189 
3263 
3262 
3261 
2999 
5247 
5246 
5245 
1721 
967 
799 
1859 
2467 
2256 
289 
3832 
3022 
5561 
1000 
5568 
5393 
4938 
6116 
6115 
6114 
6113 
6112 
6111 
6110 
6109 
5562 
5048 
4964 
2464 
1732 
4603 
4601 
3946 
4526 
5884 
5883 
5882 
5881 
4524 
1723 
4206 
2361 
4934 
4556 
4516 
3125 
2700 
400 
2724 
1921 
1262 
2449 
2446 
2169 
2074 
2690 
511 
1083 
258 
1693 
1692 
3390 
1217 
42 
2093 
3331 
4898 
2579 
2874 
4766 
6015 
6014 
4756 
4638 
4212 
4046 
3384 
5135 
4401 
5664 
5659 
5959 
812 
2817 
3044 
4857 
3328 
2820 
282 
1102 
6097 
6096 
4056 
2850 
1695 
3741 
1694 
4926 
4925 
4602 
75 
74 
70 
68 
2358 
2357 
1155 
3122 
4924 
4923 
4922 
4921 
3382 
2985 
2129 
1979 
1030 
1028 
1027 
1026 
2321 
4837 
4836 
4835 
4834 
5225 
5224 
5136 
3001 
5368 
4726 
4767 
3582 
3881 
3879 
3606 
4672 
4671 
4670 
2682 
1808 
1208 
3294 
3293 
3292 
2830 
121 
1203 
1202 
1004 
2752 
1204 
1847 
1846 
2728 
2420 
2373 
4354 
5761 
5684 
5417 
5416 
6285 
5414 
4760 
5413 
5412 
1951 
219 
195 
3705 
5275 
6289 
5274 
5273 
5008 
4846 
3182 
1622 
4254 
4018 
5476 
5475 
4789 
192 
1359 
1265 
5759 
5713 
5577 
4071 
3421 
2429 
1488 
2371 
2369 
780 
5407 
5406 
4579 
2011 
4431 
4430 
4429 
3762 
3668 
3558 
1840 
4271 
2996 
2796 
1170 
771 
617 
5296 
4437 
3201 
1787 
2196 
4239 
2195 
2194 
2192 
3603 
2495 
4669 
5938 
4248 
7794 
7775 
7313 
2635 
4471 
4470 
4469 
2123 
1516 
1172 
3400 
3399 
1171 
7721 
7593 
6502 
6339 
7502 
7479 
3547 
3913 
5033 
537 
69 
1716 
1856 
3539 
1854 
1853 
1852 
958 
304 
303 
302 
301 
1860 
1156 
612 
338 
4205 
4157 
3028 
2382 
1177 
1178 
1506 
3176 
6377 
4627 
6504 
6125 
4565 
4033 
3193 
555 
676 
1744 
5032 
5031 
5030 
3203 
1567 
4890 
5896 
5839 
5536 
4771 
4387 
2743 
4107 
4106 
4105 
3893 
1196 
3310 
3309 
1855 
3308 
3307 
3306 
3305 
3304 
727 
1112 
3303 
5085 
6190 
5058 
5083 
3540 
2975 
4974 
1339 
1226 
1225 
3873 
1426 
1423 
1422 
627 
3181 
4553 
5901 
5900 
5899 
5898 
5705 
4055 
4551 
4550 
4047 
3899 
1268 
3378 
218 
2303 
2901 
2177 
4233 
3959 
3897 
2310 
833 
3753 
3752 
3751 
3750 
3618 
2900 
4832 
4783 
2220 
4299 
4298 
5503 
4881 
5502 
5220 
4518 
1831 
480 
478 
475 
473 
472 
299 
3811 
1459 
2384 
1201 
5772 
6117 
6089 
6283 
5694 
6654 
6508 
5777 
5549 
4769 
3877 
2394 
5970 
5969 
5968 
5551 
4319 
5750 
5084 
5042 
5002 
2849 
3761 
2173 
3798 
3819 
3156 
2884 
2062 
6222 
2630 
2970 
2966 
2964 
2963 
2898 
1827 
501 
8084 
7861 
3025 
2843 
3524 
5194 
5193 
1450 
3315 
3522 
4042 
3982 
2583 
2582 
2466 
927 
2784 
1425 
3908 
5072 
602 
5071 
4653 
4235 
1805 
2218 
4523 
3109 
2430 
2647 
257 
4329 
4328 
4327 
4326 
3010 
2502 
2499 
4458 
4457 
4456 
832 
2376 
1227 
785 
4884 
4883 
3831 
4054 
3757 
1047 
6029 
4428 
4427 
1367 
2591 
1007 
5079 
939 
3420 
3415 
1501 
1355 
1354 
1353 
1352 
1351 
568 
6311 
6310 
6309 
6308 
5367 
6351 
6350 
6349 
6348 
5790 
2205 
2496 
6992 
6328 
7006 
6103 
4887 
4658 
896 
155 
4757 
4528 
3153 
1056 
2794 
2654 
2621 
3772 
3771 
3770 
1036 
2566 
2290 
2153 
2360 
1187 
5981 
5980 
921 
917 
182 
989 
3311 
2415 
1762 
3664 
3643 
3085 
4491 
4490 
4489 
3703 
2633 
61 
587 
307 
269 
266 
3196 
1260 
1561 
524 
4098 
1195 
1628 
397 
3696 
3823 
3352 
2138 
1123 
435 
4911 
4910 
2555 
3768 
3052 
3051 
2684 
348 
886 
1152 
4913 
2239 
3671 
7084 
6666 
6546 
7213 
7212 
7211 
5977 
5066 
5287 
5286 
5285 
5041 
6170 
5284 
4728 
4295 
5520 
4257 
1541 
3594 
850 
4449 
4448 
4447 
3797 
2492 
5822 
5821 
5820 
5819 
877 
3700 
4352 
2489 
4270 
3206 
2168 
1142 
491 
489 
488 
484 
483 
782 
4064 
3621 
2521 
305 
463 
462 
461 
243 
2408 
1952 
1476 
3640 
3639 
3638 
894 
347 
966 
2871 
2870 
2869 
2868 
2733 
5578 
4559 
2238 
283 
2424 
2423 
2422 
1667 
1608 
3681 
413 
2266 
2386 
2345 
1818 
340 
994 
3018 
2465 
380 
2757 
3809 
2428 
2285 
755 
797 
793 
792 
2003 
2001 
2000 
1999 
1828 
2501 
1502 
3349 
1215 
890 
3118 
3117 
3116 
2477 
5304 
5303 
5114 
4927 
4860 
6053 
6052 
5911 
5627 
5507 
3627 
2207 
4232 
1811 
3876 
1392 
509 
2145 
1191 
1640 
3134 
2151 
5339 
3174 
2791 
1728 
2719 
2300 
2703 
1634 
4943 
4942 
4712 
4461 
2573 
3327 
3326 
3325 
3324 
2793 
2276 
476 
2759 
1247 
2856 
2490 
1358 
3955 
3489 
3210 
942 
2071 
1594 
872 
869 
818 
2917 
2916 
2915 
2914 
2847 
814 
595 
58 
674 
672 
2264 
486 
901 
1618 
1619 
570 
2992 
2636 
2398 
148 
3004 
2669 
233 
2330 
2766 
520 
2659 
2658 
1350 
1244 
768 
2541 
2349 
1924 
6134 
6106 
5563 
5283 
2091 
1295 
2967 
845 
1239 
1235 
1557 
1220 
1742 
5351 
5350 
4778 
3353 
1911 
1710 
3742 
866 
1701 
1712 
425 
2536 
2523 
16 
603 
893 
685 
681 
680 
669 
655 
3666 
2926 
1455 
911 
721 
342 
662 
5757 
5252 
3910 
2875 
4000 
3252 
4164 
2031 
4131 
4665 
3535 
285 
81 
5538 
4188 
3912 
2753 
2705 
1610 
4392 
5779 
4391 
3451 
2648 
3853 
3852 
1942 
2079 
2253 
1842 
2170 
1689 
767 
2468 
2442 
1427 
169 
2215 
1972 
3767 
2562 
2443 
1591 
1307 
3220 
3219 
3218 
3217 
2590 
2304 
5994 
4688 
4177 
2540 
2080 
1950 
1776 
3860 
2606 
1880 
3911 
1781 
559 
385 
522 
1899 
1562 
3253 
1566 
1448 
1445 
1380 
1379 
1881 
3764 
3665 
3622 
2259 
132 
131 
1556 
796 
5144 
4483 
4039 
3455 
2551 
2006 
3185 
1661 
816 
220 
2171 
2827 
1271 
3055 
116 
2293 
390 
83 
636 
1888 
1886 
1885 
2040 
3279 
2039 
2038 
430 
1668 
5966 
1058 
2577 
2782 
2781 
1299 
2545 
2278 
399 
4075 
3896 
3452 
3204 
2519 
1824 
2214 
2213 
1993 
1992 
2066 
2065 
1447 
2772 
2771 
2770 
2769 
2767 
4683 
2544 
313 
4642 
4641 
4640 
4557 
3483 
3368 
2027 
1933 
1930 
1576 
2739 
2737 
2735 
2487 
1578 
1574 
264 
2852 
4738 
4091 
1709 
1563 
1223 
2144 
1532 
1051 
222 
1544 
1161 
1166 
1164 
1163 
1162 
48 
3964 
3963 
3775 
1962 
1116 
3000 
2392 
1963 
1237 
24 
23 
22 
144 
2447 
844 
642 
415 
2836 
2835 
2678 
2216 
1944 
1823 
441 
4173 
3567 
3048 
2993 
2775 
4694 
3473 
3472 
3471 
3470 
3469 
2736 
2379 
2190 
2054 
1659 
1486 
1485 
1342 
1114 
4542 
4541 
4538 
813 
362 
1206 
1783 
650 
720 
589 
1796 
1795 
1792 
1791 
13 
12 
4 
5655 
4956 
3464 
3447 
2940 
656 
3571 
3570 
3569 
3338 
2460 
2401 
4077 
3135 
3034 
2450 
2390 
2147 
1890 
1370 
1968 
1967 
1966 
2717 
137 
692 
3241 
454 
1089 
2623 
2389 
1894 
3927 
3249 
3248 
3247 
3246 
3245 
3244 
3243 
3212 
1768 
1767 
1766 
1137 
2802 
1433 
3511 
3510 
3509 
3508 
3507 
3506 
2202 
1087 
286 
2409 
7424 
2800 
1151 
1707 
736 
735 
734 
733 
517 
732 
731 
145 
730 
729 
335 
492 
1005 
1539 
4749 
4492 
4269 
2978 
548 
547 
545 
403 
325 
2615 
2614 
2613 
2612 
2611 
2610 
4855 
4817 
4747 
3778 
3407 
2002 
3036 
3035 
1866 
1611 
962 
165 
842 
839 
2686 
2685 
947 
3016 
3015 
3007 
2944 
2896 
1527 
442 
506 
251 
3396 
3395 
3394 
4215 
4214 
4138 
3424 
2873 
1317 
1033 
2912 
106 
873 
315 
1118 
3235 
3169 
2997 
2308 
1753 
2894 
2344 
345 
1070 
3164 
3163 
3162 
3161 
2965 
2305 
1068 
1066 
1065 
1064 
1063 
291 
884 
883 
882 
794 
791 
574 
3475 
2768 
1016 
951 
918 
820 
331 
2414 
2212 
295 
3727 
3632 
1655 
1629 
2454 
1236 
976 
3285 
3284 
3077 
6672 
6660 
4061 
3667 
2980 
2948 
1569 
4495 
3732 
3517 
609 
2504 
2503 
1770 
167 
640 
1729 
3974 
930 
1543 
239 
224 
712 
17 
3884 
3882 
2968 
2799 
2197 
1579 
1302 
3375 
3373 
3372 
3371 
3370 
3003 
1300 
237 
5415 
3554 
3020 
2879 
2252 
5524 
3374 
410 
2756 
4746 
4745 
4744 
1636 
2161 
1503 
432 
1825 
402 
611 
3526 
2374 
1986 
1457 
1672 
1081 
1465 
1464 
1319 
871 
2155 
1165 
2365 
2077 
158 
2599 
2048 
1775 
63 
5461 
5460 
5459 
5458 
5457 
5456 
5732 
2128 
1401 
938 
625 
379 
1887 
6 
610 
805 
1281 
1438 
2472 
626 
318 
1440 
1069 
1417 
1067 
2930 
2482 
2056 
1871 
3969 
3408 
2893 
1466 
667 
26 
1504 
584 
490 
363 
2272 
223 
1656 
479 
1238 
312 
2354 
2352 
2351 
1991 
1520 
795 
762 
1975 
404 
3064 
1793 
527 
487 
1720 
1625 
1029 
45 
44 
1637 
1621 
748 
747 
746 
2808 
2807 
2806 
2260 
1807 
1633 
1560 
1360 
1346 
743 
742 
741 
740 
4874 
4873 
4872 
4871 
4739 
3765 
2342 
944 
1013 
1011 
1010 
3091 
3090 
3089 
3088 
3087 
3086 
2592 
1138 
834 
695 
841 
779 
100 
3541 
3124 
1568 
3626 
2578 
2050 
1421 
803 
2193 
1444 
3512 
1209 
310 
718 
546 
1288 
1287 
1286 
270 
5196 
2338 
3975 
3605 
3197 
3017 
4838 
2681 
2154 
311 
2136 
296 
256 
4171 
4170 
3856 
3281 
1965 
1780 
851 
554 
1873 
1149 
1148 
1146 
1145 
847 
562 
204 
572 
3260 
1456 
232 
4801 
4261 
1626 
1586 
745 
267 
3682 
2397 
4625 
4255 
2353 
774 
284 
5187 
5186 
5165 
5123 
4650 
3339 
2452 
2451 
174 
1509 
3978 
412 
3498 
494 
275 
1524 
1558 
1211 
1331 
811 
888 
856 
855 
2008 
1931 
1525 
668 
1383 
5781 
1120 
826 
278 
2834 
898 
840 
334 
101 
1126 
1133 
1132 
1131 
1130 
1129 
1128 
1127 
1099 
598 
1322 
1180 
3301 
3300 
3299 
3298 
3297 
823 
92 
836 
708 
706 
704 
564 
580 
563 
1677 
549 
5 
288 
1570 
2333 
2332 
2331 
1371 
166 
2084 
1480 
1481 
1289 
1743 
1373 
705 
384 
5602 
2240 
1938 
1607 
1391 
1344 
373 
371 
370 
369 
368 
85 
208 
1869 
6354 
1012 
753 
268 
352 
707 
2188 
2187 
2186 
2185 
2184 
929 
4080 
2064 
1512 
1035 
469 
470 
200 
1722 
102 
30 
152 
151 
245 
27 
1431 
1430 
860 
859 
858 
516 
372 
197 
234 
388 
351 
769 
209 
577 
277 
1460 
1461 
682 
226 
1592 
892 
863 
2099 
2098 
2097 
2096 
2095 
2094 
1446 
1169 
510 
38 
37 
36 
35 
34 
33 
1376 
1073 
684 
355 
324 
328 
217 
79 
162 
160 
51 
835 
294 
726 
161 
103 
2866 
2865 
2864 
2483 
1487 
2 
1 
