8495 
7890 
7328 
2699 
2698 
2677 
2672 
2674 
2667 
2671 
2670 
2659 
2654 
2658 
2657 
2650 
2642 
2643 
2581 
2558 
2562 
5201 
2560 
2552 
2557 
2555 
2553 
5161 
5159 
2534 
2540 
2535 
2525 
2514 
2510 
2502 
2487 
2490 
5135 
5134 
2468 
2375 
2376 
2360 
2361 
5063 
5061 
2353 
2336 
2339 
2337 
2321 
2326 
2323 
2310 
2302 
2306 
5024 
2305 
2272 
2242 
2246 
2231 
2234 
2215 
2168 
2149 
2155 
2152 
2150 
2092 
2094 
2078 
2024 
2030 
2026 
1958 
1947 
1864 
1868 
4708 
4706 
4705 
4704 
4702 
4701 
4699 
4696 
4693 
1867 
1817 
1820 
1794 
1777 
1748 
1752 
1749 
1678 
1679 
1627 
1636 
1633 
1632 
1541 
1543 
1427 
1429 
4351 
4349 
6288 
6287 
4348 
1428 
1420 
1384 
1386 
1385 
4318 
4317 
1330 
1337 
4267 
4264 
6238 
1336 
1335 
1334 
1333 
4259 
1332 
4256 
1331 
2091 
2088 
2086 
4879 
4878 
1299 
1256 
1098 
1099 
1067 
1068 
1027 
1035 
1031 
1030 
1013 
1003 
1009 
967 
976 
948 
954 
924 
930 
790 
797 
749 
712 
717 
684 
685 
633 
631 
607 
609 
543 
544 
3517 
488 
494 
492 
3446 
3445 
3444 
462 
420 
429 
427 
424 
3404 
423 
311 
319 
262 
221 
230 
227 
226 
224 
222 
155 
66 
64 
0 260 251 7625 6868 5399 2839 77 68 220 210 2403 661 659 925 8236 7976 7494 6494 4713 1882 1879 148 80 79 301 549 545 237 231 341 556 10 1814 1811 254 3230 3139 273 270 1687 2410 2354 6182 4193 1231 353 73 477 471 350 116 111 740 2789 44 43 1451 1444 198 188 878 174 168 1628 466 204 199 1226 84 5100 2428 656 279 28 22 2259 329 322 983 977 1970 1968 2935 139 133 2097 182 178 1596 713 4228 1303 1300 6711 5091 2408 5133 2492 732 729 247 241 360 358 88 93 89 725 575 175 26 238 481 870 830 826 3326 400 390 1399 634 5767 3431 1095 1089 596 588 529 522 2527 34 32 417 411 426 158 157 383 379 1740 1372 172 115 5202 3682 681 676 4251 1301 1849 1843 4034 1104 1437 523 1549 616 2184 2178 6708 5090 5147 2519 1792 1786 4740 1908 280 1519 337 331 1504 291 99 173 31 74 2275 2273 2893 124 122 626 903 895 2634 151 144 1885 165 675 385 152 1403 129 81 2278 2297 2294 8120 7777 7127 5872 3617 630 163 1927 1923 6115 4090 1157 1154 551 1374 811 75 5344 2771 23 909 905 1448 1038 1036 3463 507 499 20 11 2202 2197 1623 1618 833 730 368 2598 4921 1869 500 702 698 711 486 6795 5214 2596 2590 272 4308 3999 1002 212 566 296 171 138 2452 1426 454 451 1273 1269 3128 434 430 284 281 2665 179 289 320 1085 245 901 2249 1547 2211 1146 1143 5076 2413 2409 355 214 3731 728 719 1527 1526 2757 14 1614 840 184 2032 25 3357 409 401 6548 4805 2006 1063 1059 298 112 1517 767 759 694 688 573 569 4065 1111 637 156 510 509 114 351 191 1201 1737 1731 118 5895 3668 673 667 4599 1729 300 219 2588 1890 1815 1152 669 557 46 164 542 532 660 2583 261 843 581 579 1828 6 37 658 649 3896 915 162 945 636 176 468 1225 2623 565 562 299 250 7672 6956 5604 4580 1697 1263 644 580 617 785 780 990 849 847 4266 1904 2220 4965 2182 964 958 8087 7718 7015 5704 3347 406 1800 1796 2826 72 897 3865 876 3071 208 1612 1609 2451 1418 27 271 1501 922 4010 1221 1217 956 3651 672 982 2122 2121 3752 755 96 8446 8309 8078 7716 7014 5695 4105 1190 1187 314 354 246 293 290 1074 2143 2138 7066 5780 2511 567 297 384 1640 1637 8356 8172 7886 4894 1321 1315 2333 213 126 1604 1177 5413 2862 92 1943 103 100 5274 4335 5272 2652 4477 1607 1659 1014 655 760 101 770 662 6606 4913 2146 2144 7836 7218 6049 3966 978 4112 1205 159 2101 1791 1789 5245 2627 2625 773 1977 1974 689 1113 1112 2166 2161 3713 2644 375 369 394 850 4635 1775 357 563 593 540 3239 317 4896 2118 2111 327 1228 1103 4560 1663 1658 1432 5042 2344 2343 3153 274 1821 6994 5680 3274 1540 590 1532 3464 7263 6137 4117 1207 4057 1124 1121 1489 1106 986 4798 768 3732 735 574 1276 2427 7079 5788 5293 2686 1352 333 5852 3579 757 1550 1548 7277 6162 4158 1233 484 1232 6739 5105 2442 2437 622 535 258 5098 6268 4327 1417 8395 8238 7969 7487 6613 4912 2090 2072 2069 377 3349 3906 2158 2156 7514 6614 4931 6522 4749 1931 307 3053 215 961 3339 765 1613 2103 8369 8202 7928 8282 8045 7655 6931 5543 3041 4959 2208 378 6074 3992 1024 1016 815 807 3183 302 2602 4763 1944 916 809 200 3260 1804 98 195 3261 2554 2753 2720 2713 4507 5479 2912 1622 1992 1985 1822 4070 894 886 3569 591 1766 389 67 283 3543 559 555 3612 6693 5062 6039 3673 4205 4258 2027 5157 2546 2545 3175 373 647 639 1230 1140 1132 1214 1210 5816 3537 2008 627 1716 889 1689 2797 51 1357 1639 3006 3279 370 1790 2080 2079 3547 5778 3434 1102 4630 1768 1135 3903 899 2320 851 2312 8461 8335 8143 7818 7196 6024 3927 1478 1471 4250 1311 1304 5291 2605 1206 2203 2281 4438 1312 1379 1251 508 1449 1808 3220 3692 695 857 8357 4289 553 1203 2422 456 94 6157 4151 1648 512 511 4676 4268 5113 2453 3356 3532 1443 1436 3267 367 1573 4944 2190 344 2188 1606 6174 4172 1246 1241 455 2861 890 1281 1610 2087 6766 5178 766 1162 8198 7926 7387 6365 4496 1617 1616 4353 1431 5193 2577 2567 2365 143 1605 5138 816 8 907 813 2983 518 2813 65 8326 8137 7795 7165 5925 3715 5830 3567 8534 8443 8307 8079 8338 8138 7817 7197 7472 6545 4799 2017 2012 4111 1283 738 3442 8032 7609 6851 292 460 4881 2104 2209 1690 7604 6827 5280 2485 2479 6282 4330 1416 6072 3989 2147 1693 2455 4993 2213 2210 5650 3231 3644 3288 2751 12 4399 1461 1458 3158 2067 1266 521 4032 2606 5859 3585 1833 1832 887 2448 465 131 968 3509 2488 464 1286 4837 3988 1022 5089 5919 1886 3354 2932 136 690 3596 3292 3705 2038 3112 3247 336 180 839 396 2997 3559 568 1935 2679 687 4132 1219 1858 638 877 1513 1512 1398 1392 2539 3581 2163 1823 1795 7046 5753 3402 483 1249 4067 7331 6231 5282 2669 435 234 7406 6446 4621 4305 1388 169 187 2214 2515 7377 6344 4444 1545 397 1466 2908 5188 2573 2959 4033 8604 8545 8460 8549 7221 6045 2911 4419 6270 4323 1414 6248 4285 1359 446 9 441 3614 2690 2689 5212 6841 6513 4744 1920 1223 822 1771 1310 2559 1116 1421 800 294 1484 1480 805 1662 6430 4611 1732 2230 2316 5605 5924 3884 3365 5342 5507 3160 285 4719 1884 5643 3221 1552 670 2217 3151 3975 1141 1723 3104 248 3301 388 2972 5194 4191 5594 3121 860 858 7103 5813 3536 4579 8615 8568 8492 5610 3475 8199 8381 8221 4823 2037 3980 996 4229 5493 3489 3972 3120 3011 359 3718 731 7057 5771 3436 6572 4824 3909 692 900 3854 4748 7239 6069 4227 4764 1945 1939 2340 3038 1040 5677 3276 3551 558 564 779 1937 490 5784 4593 3025 5478 5769 6719 7330 4649 1798 1211 1477 1829 1258 6460 4624 2957 855 4213 1282 2848 461 680 1660 1955 1954 7847 7237 6073 3993 8435 8292 8066 7678 5597 7478 6556 4828 2051 2049 5326 2509 2504 4577 8660 8600 8542 8455 8330 8139 8314 8428 8290 8055 7671 6954 5600 3126 3693 5530 3003 1138 3625 651 4503 3859 866 2431 5722 3385 3054 2986 764 1913 7262 6458 4639 1782 3662 654 6061 3976 973 1578 2675 2283 2282 2460 2212 4295 1382 7556 3636 657 2454 1713 1631 3396 592 1715 404 3138 86 2700 3081 3171 7339 6265 4322 2656 3315 7626 4735 4338 1720 1718 1894 741 6165 4168 1247 3028 8669 8613 8565 8480 8366 8195 7918 7378 6910 8404 8249 7154 5914 3701 5477 2955 6475 4680 1825 6500 4724 5565 3079 8110 7765 7112 5811 3533 3421 5886 3648 666 2057 4734 1891 2823 3265 5691 3313 380 6915 5522 3004 6032 3936 951 6838 7243 6076 3991 2058 4119 1194 3336 1922 1917 3211 4475 3255 356 504 4328 2200 8046 7788 7158 5915 7719 5088 2426 7132 5884 3639 1799 6937 7459 6531 5388 2818 4641 1788 2301 2300 4898 4165 4840 5528 7024 5718 3366 4782 1989 1001 4474 5897 3664 6566 4850 2085 4464 1584 1581 2999 1383 3511 6714 3149 275 1218 3057 3214 473 1621 1915 1170 1168 8589 5032 2324 6544 8614 3781 799 467 4190 7279 352 854 571 3856 1601 5952 3771 3812 818 1998 1535 3317 398 3387 7504 6574 4730 1889 313 863 4945 3307 1641 4835 1675 7749 7075 5790 7748 2065 6702 5077 5391 5126 2466 2461 7083 5796 7887 8276 8456 2618 2739 2280 4127 4604 1730 4489 2179 4653 1802 4403 5920 4360 5466 5630 3207 2417 1803 3248 1753 2474 2470 4056 1195 4449 3824 824 450 3077 8716 8714 8700 5084 3012 2023 1402 6291 4346 3655 4710 1880 2781 2938 4465 3194 5638 3218 1533 3377 2660 4075 4307 1515 3815 8675 5249 4522 4534 6118 4092 4331 4479 2160 3566 4303 2338 5634 3216 5151 2522 2516 4880 4434 1538 1371 1363 2260 2257 82 2782 4320 1779 1260 4942 8115 7775 7125 5860 5357 2777 39 2615 2609 7203 6027 3932 5631 3690 2963 3868 2388 2387 6876 5416 7491 4280 1361 2489 3650 3419 5619 3788 806 8013 7578 6761 6784 5371 4542 1647 1056 1046 1117 2173 1525 2852 3572 577 5299 2708 8683 7941 5623 1262 6749 5140 2499 205 1987 3441 3841 2117 142 3416 2712 3599 6044 3952 2380 883 2124 1807 324 4811 7436 6490 4691 1845 8144 4466 7413 6448 4972 4400 3351 7248 6082 4014 783 910 1248 4780 1981 1830 4883 2115 2844 4842 2612 5745 1182 1178 1965 1672 2330 2495 1290 196 2352 2348 4670 3613 7345 6262 5359 2784 3330 6091 6610 5383 2816 2250 5302 2714 2613 1264 2537 5270 2649 4414 5846 6179 4183 1253 3268 3608 635 458 2817 2478 4035 3245 4231 1537 6959 5614 3156 2641 2052 1738 2532 812 4159 5217 4195 1237 244 4050 1119 4359 3020 185 3256 3913 3417 1824 4652 3605 640 8291 7274 6141 4122 1209 6489 4698 4182 3080 2829 4623 6180 5057 6608 4888 7129 5877 3646 5448 2902 125 873 5567 5501 3055 5482 3881 4093 6053 3969 985 2528 3592 624 2693 1268 1265 2591 6259 2449 1183 1842 323 2264 1990 6214 6855 5362 6006 4845 2081 2204 4492 1603 7945 7435 6316 4383 7192 6017 4063 3740 748 5014 4500 7225 8017 7084 5114 6474 4683 4559 3311 6432 6149 8685 7885 7293 6203 4218 8576 8501 6703 4583 1707 1701 8653 8591 8522 8424 8286 8056 8462 8244 7979 7508 6603 6590 4872 2102 6454 8162 7859 7246 7383 6361 7045 5752 7530 6657 4976 2221 1912 1906 5101 2433 6167 7145 5893 3658 4562 4525 8436 7854 4677 7889 8105 7752 8160 7849 7245 4210 2189 7648 5119 7220 6055 3971 6907 5485 6630 4949 2181 4956 4471 1598 1591 5765 7001 5685 6255 4294 1896 5427 2880 4135 7999 7543 6828 7674 8695 8662 8605 1583 3623 4520 5248 2629 8632 8585 8513 8398 6689 5056 6890 5442 2881 3962 942 834 3902 7521 6635 4952 2636 2633 8666 5409 2857 2199 5307 2704 2703 7134 5882 5764 1530 6637 7332 7427 7902 7347 8118 8595 8201 7972 5812 4216 1314 4627 8159 4994 7935 7421 6700 7785 7149 5887 3645 3510 4298 4483 7981 4902 3550 7725 5264 2638 3793 808 6108 6836 3741 5713 6289 8340 8150 7837 7224 8686 8625 8577 8504 8376 8204 7936 8671 6534 4745 3398 4678 7167 5929 5047 2346 7053 6622 7031 5639 6713 7562 6852 5355 2755 5743 3405 2936 6945 5582 6962 5617 3159 2733 2725 1274 2940 5467 6439 3469 6321 4398 1674 5242 6812 7476 5117 2457 846 837 6453 4625 4374 1441 6060 5828 6996 5683 3309 5420 2867 6216 8351 8163 7826 7211 5372 2760 2870 6173 4175 7619 6861 5129 8022 5370 5430 4544 1652 1645 3181 2441 7418 6468 5275 7546 5593 3123 3933 7240 5990 3867 1997 1995 2574 8705 2843 8402 3335 4532 1643 2886 7550 6710 4754 5304 2716 2804 7860 8442 8304 7503 6562 4844 5590 7686 8362 8510 5487 7009 5699 3791 3954 4332 4154 1176 2071 5540 2626 7426 2988 6816 5246 2631 8336 4282 7996 7450 315 7746 7065 7816 8101 3037 6159 4161 1242 4044 3455 3860 5240 2610 5521 7139 5885 3661 7622 6850 5341 2762 804 1091 6233 7354 1424 6776 5180 2561 2350 5993 7102 8463 6664 4986 2587 2582 4901 5453 2900 3866 6219 4364 1439 4533 6185 4201 8346 8156 7838 8114 8472 8355 6524 4760 1942 743 1118 5417 4903 7809 7177 7955 7460 7526 2933 87 3700 6944 5581 3109 6913 5510 5137 5570 4363 5008 2830 6374 7016 7251 6101 4055 4053 2347 4313 5603 5247 6530 7021 7100 5684 5656 7036 5726 3391 6940 6487 7116 5843 3575 943 4230 2159 4293 2732 3857 3005 2640 2564 6889 8121 7772 7117 5848 8061 7667 7757 8311 8084 8303 5211 3838 841 697 696 7722 2113 1539 1895 5749 3411 572 5950 3758 2903 3729 3943 4601 7538 6686 5026 7698 7000 8250 7989 8040 2619 3760 5111 6088 4177 6644 4951 8259 6807 5241 6892 6406 4566 1667 776 1664 3688 5185 1291 2894 5512 4950 8178 7898 6356 3076 2597 6334 6777 5423 2869 5648 3223 4027 3863 8325 8264 3428 5927 5787 7077 5781 7951 8553 8464 3825 4008 4208 4235 1298 2462 463 4226 7449 4455 7769 7119 4876 7003 5689 5661 3258 4932 7193 6363 5443 5561 3050 4357 5649 7401 6464 4667 5338 2761 7323 988 802 965 7252 6096 7942 7967 987 1139 1317 6987 5667 7498 1445 1728 4484 1916 2241 2237 5937 8551 2391 6820 5260 8569 8483 7949 7422 6478 4692 3743 5757 7977 7743 7052 5759 2898 3539 2745 6601 5017 6867 6274 4325 4654 8044 7846 3679 3964 1644 4039 1105 4469 4481 3910 5974 4480 8539 8454 7633 8519 8413 4539 5343 3143 4882 5107 6856 7751 5158 7414 5517 2996 5934 3723 7840 7229 7814 7474 7432 6471 1161 7659 6939 6539 4781 8108 7764 4685 8239 5108 2429 6103 4059 8601 8540 7632 7808 7173 5932 7712 8306 4362 4452 7327 6226 4937 2171 3374 7121 5853 7198 7536 6685 7732 7020 5700 4043 3019 5095 2415 6452 4634 1742 1739 7905 5281 7287 6163 8254 7991 7537 7210 6768 6341 7467 7783 7141 7623 8678 7782 4538 4971 6043 6993 4827 5386 120 7164 8571 8497 8380 880 8541 2662 3811 6479 2773 6199 6901 8113 7771 7953 3994 6228 7863 8397 8670 6535 5578 7369 6331 4413 7825 5931 5595 3950 3912 1450 2314 4319 2601 5106 2746 7004 2897 3649 7264 3672 3744 3106 3823 3874 4350 7028 5721 8474 4512 1595 2809 5483 4567 4568 4596 7115 6380 4508 5982 7982 7533 6681 4232 1064 5889 7614 6525 7938 7420 6473 7943 7428 8277 8033 7907 1988 4283 5727 6663 4982 3322 6751 5005 2265 4853 7048 8579 8499 8506 8388 8231 7965 5269 4995 7618 7285 5285 5300 5544 3022 6748 5891 6019 3918 4857 2089 3091 1498 3083 3563 578 4584 1711 5875 7030 7405 7513 7464 1656 1653 6482 4690 5340 3680 5459 2895 7194 7707 7010 7571 5232 2604 6934 7984 7516 6078 6313 4375 6472 5866 3603 7774 8100 7940 8680 5936 7304 6211 7217 6046 7247 6302 8057 7673 7954 6893 5454 8467 5772 3855 4384 4519 1447 1756 8559 8332 8370 5758 5926 5858 5527 6480 5415 6378 8165 7551 5912 6581 7396 6407 7581 7666 7717 3945 7607 6844 7798 7850 8379 5191 6849 8289 3036 5268 4144 5779 8302 8065 8329 6166 6014 6339 4436 6567 4838 6997 7920 8425 7590 6802 5227 7869 6136 7212 6041 7727 2098 4203 7539 1946 7819 8073 7754 8016 4005 7585 8126 7933 8297 8619 8574 8067 7684 7914 7373 6731 3495 346 5405 4979 2222 2916 724 5075 2411 7475 5322 2444 7085 6709 8173 7872 5715 6863 2775 8523 8415 8445 5826 1181 7110 8652 8590 6305 5606 3142 4897 5804 5742 3388 8444 4554 6891 7952 6387 4518 1497 1496 4571 8134 7794 8218 1774 4369 5717 4578 6725 6251 7983 6824 3851 5243 6364 4498 6099 4048 4540 3842 4551 7344 8627 1736 7687 7011 2224 2600 2749 3000 5168 3300 8661 4207 4728 2595 2921 2319 506 7797 7901 4868 5583 5670 5775 5908 4082 1155 6083 6158 154 6160 6223 4240 8028 8025 7584 6772 5174 8246 8473 8546 6155 4541 2981 3889 4957 6442 7238 6071 6961 5609 3140 8064 7787 7680 6964 8038 5856 6307 6990 5671 7880 8127 3114 4978 4688 2497 4015 3172 7853 7895 8500 4121 5825 4442 3886 7669 7865 6729 2244 7281 6170 8023 7711 8248 3986 4969 7038 5751 7074 3584 2329 2328 8566 8481 6845 2169 4342 5364 6969 8157 7357 8448 6793 4814 3407 2367 1158 2363 8271 7758 7658 8029 7776 7580 8327 4671 2977 5773 3804 798 7574 8592 6846 5794 1763 5591 7924 888 1456 235 8058 1597 1809 2077 2529 5620 2731 3490 7701 7005 3725 3905 4261 4707 4751 3580 5237 2614 5575 3102 4054 5596 6515 7528 8203 8214 6047 3961 4423 6859 4244 1430 3887 3531 4851 4988 5714 8586 8278 7741 5131 6904 7742 3127 7362 6315 8169 1153 3753 5964 8707 2261 2891 1222 1494 3040 6395 3082 3535 3726 4695 3852 4214 7169 6721 6267 4326 4576 1649 4919 5096 5802 6004 6198 2853 5739 5988 2939 6896 8288 7894 8439 3582 6660 4975 7453 6521 3604 4504 6094 7265 5068 8003 8234 2960 6413 5881 7696 7998 5839 5894 7664 7025 3703 8701 923 233 1235 8440 7612 1536 1666 4164 1240 8200 2335 2694 3170 3519 3878 4012 4488 4020 5647 5694 7568 5844 3557 6023 6369 6609 6673 5003 6605 8149 8373 8667 8612 3576 7417 7431 7219 8050 3206 3481 6008 7209 2824 8014 6139 6367 3762 4686 6256 6514 2937 2267 7160 6227 4674 7462 6519 8419 4961 7627 5396 1523 1984 2274 2571 2579 2722 1487 4021 2767 3205 2888 3266 339 1694 3805 4225 1302 268 264 4940 8145 8316 8090 8227 7963 6421 1514 2317 2315 5166 5086 8037 4391 1438 5861 5150 7231 4726 452 7911 7364 8458 8711 2307 3195 2513 7059 4180 6888 3225 3593 5983 3193 3937 2015 3290 3189 1857 2678 7657 7191 6015 5637 2420 4344 3948 7515 5324 2984 5946 7956 7447 5627 7288 4188 8210 709 4254 3253 2965 2304 7781 4352 4405 1339 2608 5870 6886 8097 7736 249 8256 6999 7111 5835 3561 7244 7656 6967 5612 8331 8468 7073 7978 8406 1367 6965 2673 4355 8192 3987 3761 7270 6144 4128 2002 6808 2887 4581 8068 8229 3094 2235 2622 1457 2922 4778 2729 1558 5857 4923 4495 5389 6558 1011 4612 3709 7092 6998 2768 7992 1350 1348 2061 8287 6444 3694 7300 2268 2684 7500 3397 6905 6625 5385 8696 5541 6026 7106 7298 2423 7410 5187 8069 5120 7569 5424 161 7780 7144 7767 8408 1813 4874 7726 3275 5760 8471 3403 3907 2240 2064 7796 4776 8516 2850 6682 2909 1163 2389 5218 4356 2584 3242 1151 3607 758 1505 879 3652 8181 4608 4595 3113 4990 2695 1083 2377 3116 6862 3297 3073 6418 6718 3063 7554 8583 4609 3259 4194 3058 217 3678 5732 5028 2637 6830 408 2193 5025 3367 1851 8293 8582 3046 4646 6941 4826 1903 6201 6607 6204 2840 3244 2120 5445 5351 2828 6676 4068 1394 7249 8407 6221 
5334 
5333 
5331 
5330 
1465 
1462 
3821 
3819 
3621 
3620 
1770 
4628 
2779 
5874 
8161 
3647 
3799 
197 
3027 
2994 
2790 
6176 
5666 
1688 
278 
4334 
6273 
1700 
1415 
4324 
4462 
4461 
3169 
438 
436 
4939 
4935 
4934 
4598 
3001 
2892 
2776 
2774 
3840 
6706 
1110 
1108 
3695 
4493 
2806 
3529 
3167 
7257 
7256 
7032 
6952 
5560 
5559 
2550 
2991 
3534 
3749 
7254 
4992 
4991 
4425 
1521 
1520 
1518 
3492 
4836 
4834 
4516 
4515 
4514 
4615 
6411 
6414 
4257 
6410 
2827 
8337 
789 
3429 
8485 
3829 
6737 
6736 
6735 
6734 
6733 
6732 
3243 
476 
474 
3427 
3426 
5470 
4265 
546 
3224 
3212 
3210 
2095 
3779 
3775 
6016 
620 
348 
121 
117 
2917 
2975 
4219 
3252 
3250 
5611 
775 
772 
771 
3702 
2646 
3990 
4549 
4547 
4468 
382 
2885 
3390 
1950 
3721 
6885 
5421 
2868 
97 
2851 
3691 
4915 
4914 
944 
6843 
4858 
3538 
6570 
6569 
2016 
3785 
4337 
4336 
1783 
4076 
5288 
4074 
6064 
6063 
4361 
132 
3555 
3552 
3549 
41 
2783 
6857 
5361 
5360 
4138 
4137 
5031 
5029 
2742 
2738 
3150 
5954 
5651 
2787 
6375 
6373 
6372 
6371 
6678 
6677 
3745 
3742 
7577 
3627 
5716 
5558 
5556 
5055 
4062 
4061 
5531 
1669 
3410 
1883 
3384 
3383 
3382 
3380 
3379 
3376 
3375 
3373 
3372 
3371 
3369 
3368 
3363 
3362 
3361 
3360 
2735 
4100 
4098 
5451 
5450 
5449 
376 
5644 
5348 
5346 
5345 
3334 
3333 
6161 
5472 
5464 
2754 
2752 
1065 
4018 
4049 
3222 
3883 
628 
4220 
3667 
3666 
1229 
3681 
2974 
2973 
1893 
6898 
3504 
3502 
3494 
5234 
3716 
5923 
3241 
4106 
2125 
2123 
4535 
4153 
642 
3606 
3817 
1369 
1368 
1026 
1025 
1023 
6070 
6068 
6067 
6065 
1993 
4626 
5152 
6555 
6554 
410 
407 
5576 
5573 
5572 
3101 
5801 
3590 
3589 
4448 
3491 
4731 
6090 
6089 
6381 
1365 
2964 
3180 
6451 
3888 
5398 
3394 
4197 
5514 
5511 
5509 
4212 
4211 
4300 
7393 
6286 
6040 
4762 
4761 
7456 
3545 
5823 
5822 
817 
3810 
3462 
2821 
2175 
3634 
7760 
4071 
5849 
5845 
5165 
5164 
5163 
5162 
6057 
7810 
5337 
5336 
1531 
6981 
6978 
3051 
3246 
5074 
6687 
4526 
6498 
7175 
4589 
5736 
5735 
5734 
5233 
29 
2764 
4397 
4133 
1376 
3523 
1200 
3764 
5418 
6877 
6875 
6874 
6873 
1377 
3423 
6785 
6783 
2907 
2906 
2905 
2904 
5455 
5462 
6627 
5160 
4025 
6079 
4877 
4113 
2814 
5136 
5800 
6865 
6864 
7555 
2565 
5698 
2711 
2706 
1440 
4367 
4366 
950 
6125 
6124 
6122 
3328 
831 
3864 
3862 
875 
872 
3433 
3075 
3145 
5901 
5900 
5899 
7189 
6013 
5710 
5708 
2074 
5186 
5184 
4910 
371 
1488 
4407 
4769 
4768 
3712 
1353 
1351 
5577 
608 
3830 
8517 
3689 
3687 
3686 
8664 
8663 
1362 
2793 
2792 
2928 
3338 
4185 
5967 
5966 
5965 
5141 
3822 
5973 
8102 
7740 
7051 
6577 
5949 
5948 
5947 
5945 
5756 
6022 
5668 
5584 
6943 
6942 
4148 
4145 
5460 
5834 
3030 
1446 
5539 
3031 
5537 
3480 
3479 
3478 
3477 
3476 
6156 
7278 
2980 
5250 
904 
902 
898 
3876 
4104 
3707 
708 
707 
705 
704 
703 
3698 
4920 
6401 
6400 
1685 
7388 
3269 
4451 
2962 
561 
3542 
3541 
2971 
3487 
2741 
541 
3505 
539 
538 
536 
3618 
2443 
6362 
6042 
3953 
3400 
7469 
8006 
328 
326 
3204 
3201 
3198 
6466 
4672 
4900 
6695 
4233 
7793 
7792 
7791 
7790 
7789 
8128 
5799 
7157 
7156 
7588 
8001 
8000 
8258 
8358 
8469 
8470 
618 
7608 
7606 
7605 
8171 
1100 
8031 
1704 
1702 
7721 
7720 
4134 
3626 
7131 
5863 
5862 
3154 
5621 
3598 
5048 
5046 
2345 
1626 
4964 
5481 
1983 
1980 
4779 
3882 
750 
2628 
4651 
5953 
4633 
5664 
5663 
4659 
4574 
4573 
4572 
6405 
6404 
6403 
6323 
6322 
5618 
4467 
6358 
3443 
2995 
2664 
5254 
5253 
5235 
5941 
6971 
6360 
6359 
4981 
5283 
7307 
5665 
7187 
2635 
6346 
7763 
7105 
6834 
2252 
2251 
6010 
2477 
5407 
6483 
4416 
5073 
5071 
5070 
5792 
2271 
2270 
2269 
3024 
5782 
1897 
4727 
5679 
3784 
7337 
6001 
6477 
2368 
2366 
5814 
5468 
4184 
4739 
4458 
4243 
4241 
6224 
5297 
5273 
6266 
8182 
8180 
8179 
8364 
8363 
7897 
5625 
5624 
6655 
6202 
6200 
8477 
8476 
8475 
8557 
8564 
8563 
8562 
8561 
8560 
8611 
8610 
8558 
2785 
8354 
5928 
8556 
8555 
8554 
8324 
8323 
8132 
8131 
8130 
8133 
8129 
4967 
7162 
7161 
3588 
5724 
5723 
8438 
2496 
3733 
3940 
3939 
6917 
6916 
5019 
3438 
5770 
7055 
5815 
6899 
5672 
3026 
5533 
2394 
6631 
7563 
7560 
7080 
5803 
4291 
6985 
7695 
4045 
6098 
3521 
2865 
1933 
1932 
4752 
4750 
6523 
7455 
7636 
4610 
6434 
6426 
5890 
4394 
4866 
4865 
4864 
4863 
4766 
6476 
6212 
6988 
5817 
3714 
6540 
7470 
6538 
6537 
6536 
7649 
6571 
7071 
7069 
7061 
4662 
4124 
7190 
5755 
3264 
2953 
2952 
4890 
6840 
6501 
4721 
7152 
7150 
2262 
2258 
4806 
6551 
6550 
6549 
6547 
6546 
6169 
3100 
3098 
736 
3727 
5132 
5085 
2524 
3161 
2521 
2520 
5145 
5144 
4784 
4642 
5970 
5969 
5259 
7534 
7047 
7370 
7913 
7879 
6312 
6310 
3389 
3699 
5358 
5156 
6512 
5155 
5154 
5153 
3066 
4679 
7419 
7371 
2854 
4829 
6557 
7484 
7340 
6398 
6799 
5461 
6123 
5598 
5523 
6252 
6249 
7338 
4072 
7186 
5730 
5944 
5943 
3637 
7559 
7558 
7557 
8007 
5601 
1275 
1271 
7384 
2039 
8223 
8222 
8384 
8383 
8382 
8502 
8622 
6168 
8684 
8146 
8092 
1881 
8374 
8372 
8197 
5697 
7925 
1948 
6081 
7242 
5740 
5738 
5737 
6237 
3839 
6275 
3904 
3146 
4011 
4009 
4007 
6075 
6658 
8191 
5659 
5957 
7799 
7899 
8241 
8240 
8512 
8511 
7934 
8509 
8508 
8507 
7138 
6050 
8152 
7835 
3942 
6048 
5972 
6639 
5072 
5768 
6847 
7060 
5411 
5410 
3708 
6634 
8665 
8698 
8070 
7997 
4340 
6970 
6030 
6029 
4281 
1087 
5992 
6903 
7646 
7315 
7314 
7313 
7312 
5564 
5563 
7679 
6121 
6120 
6119 
6394 
6117 
6116 
6113 
6112 
4804 
4801 
4800 
7473 
7964 
4927 
2819 
8226 
8225 
8224 
6992 
6009 
4546 
6261 
6260 
3769 
7041 
3768 
4600 
6445 
3670 
3654 
6763 
8020 
8019 
4527 
7507 
6417 
6415 
6062 
83 
5688 
3305 
3304 
3303 
3302 
5580 
691 
3697 
5480 
3669 
5050 
6694 
4482 
6767 
7583 
4854 
4485 
6366 
6058 
6902 
6900 
8367 
3392 
4817 
4816 
4815 
5960 
5959 
7597 
2355 
7017 
8086 
8085 
8313 
8312 
5199 
5198 
5196 
5195 
7587 
7586 
5498 
5496 
5492 
5484 
6299 
6298 
6297 
6296 
4524 
4354 
5192 
8255 
2358 
7990 
8253 
5474 
2501 
8083 
7468 
8235 
8392 
8391 
7346 
6254 
5793 
3393 
8209 
8233 
8232 
8390 
8389 
3977 
5458 
6028 
7054 
3601 
3600 
2523 
8030 
7050 
7049 
7745 
7448 
7146 
7779 
5508 
2930 
7480 
7275 
7260 
7136 
7135 
8005 
7505 
6095 
4404 
6330 
6329 
7697 
7226 
7851 
7650 
4123 
4831 
7856 
7855 
8359 
8349 
8348 
8158 
8347 
6920 
6511 
5197 
5182 
3316 
6337 
5633 
3548 
6318 
6317 
6314 
7573 
7572 
6684 
6683 
5728 
4290 
7570 
7733 
8094 
8315 
8537 
8536 
8535 
4711 
4709 
8447 
2396 
2400 
2397 
7518 
7058 
6782 
966 
960 
959 
8437 
8533 
8296 
7333 
8122 
8322 
8321 
6172 
7283 
7282 
4173 
3630 
8319 
8213 
8412 
8411 
7520 
5878 
6643 
6642 
6641 
6640 
4933 
6688 
6377 
5215 
5213 
6792 
6791 
7589 
8093 
8082 
8081 
8080 
8310 
8048 
8284 
6269 
5327 
8283 
3833 
3832 
3831 
6705 
4632 
8043 
8042 
2864 
3306 
7233 
7230 
5994 
6038 
6036 
5873 
5821 
8488 
8487 
8486 
7356 
8484 
8688 
8687 
6822 
6821 
5879 
2707 
2447 
2445 
8451 
5989 
2110 
2105 
5888 
3118 
8371 
2682 
6510 
6509 
6508 
6507 
6506 
7446 
4647 
4617 
6968 
4733 
4120 
7241 
2439 
3217 
3544 
5520 
2680 
5286 
4006 
3869 
3501 
576 
2653 
2651 
6839 
4758 
2506 
2196 
5060 
3583 
3358 
7715 
7714 
7713 
6823 
8076 
5503 
3329 
5441 
5440 
5439 
5438 
5437 
5436 
5435 
5434 
5433 
3065 
5011 
5010 
5009 
5007 
5325 
2279 
2276 
4847 
4846 
4843 
1850 
1692 
4046 
4747 
4746 
7948 
7947 
7946 
2576 
5709 
8215 
1347 
1344 
1391 
1239 
1238 
1236 
1057 
6738 
6402 
4249 
5922 
5921 
7807 
7806 
7805 
7804 
7802 
7801 
7773 
7867 
7866 
4505 
7292 
7291 
5571 
7660 
6376 
7402 
4169 
5569 
5551 
5549 
6928 
5547 
5139 
2228 
2227 
1793 
5840 
6164 
7289 
5052 
7286 
6456 
6455 
6188 
4947 
6624 
6623 
7985 
8405 
8247 
6520 
4031 
7653 
787 
6584 
4463 
4147 
4066 
5589 
4392 
7223 
7222 
6449 
8047 
7912 
7930 
7929 
5579 
6668 
6463 
7416 
6488 
6486 
6957 
8294 
2536 
6308 
6938 
4732 
6936 
4673 
4146 
2899 
6276 
8420 
7831 
4118 
7876 
7875 
7874 
7873 
7871 
6436 
6250 
6142 
4603 
7159 
4487 
6955 
5128 
5406 
6871 
6870 
8409 
8518 
8106 
8318 
8317 
5287 
8697 
8694 
8693 
8692 
2056 
2055 
2053 
7334 
7308 
7013 
4889 
5991 
6105 
6975 
6974 
7694 
7693 
7692 
7691 
7690 
5636 
6951 
6950 
6949 
6963 
7813 
1680 
3459 
3458 
8168 
8441 
5566 
6292 
6236 
6552 
4736 
4658 
7509 
3827 
7638 
7637 
7994 
7993 
6887 
7171 
8074 
5356 
7652 
7631 
7630 
5951 
4802 
3553 
7039 
6435 
7908 
8190 
8189 
8187 
8186 
8421 
4275 
8385 
4418 
2253 
7906 
7029 
5244 
7409 
7408 
2556 
6220 
5476 
2825 
6037 
6278 
5519 
5271 
5173 
5171 
5170 
5169 
6759 
7204 
7202 
7201 
7200 
6457 
7185 
7184 
6431 
7400 
7214 
6429 
6428 
6080 
7675 
6629 
1846 
8035 
6397 
8459 
8548 
8609 
8608 
8607 
8550 
2318 
2313 
8547 
8345 
8344 
8343 
8342 
8341 
5121 
6412 
1197 
7374 
8334 
7704 
3787 
6797 
6796 
4316 
6492 
6187 
5918 
5690 
2277 
5910 
7147 
4181 
5130 
8262 
8072 
7822 
5231 
5230 
5127 
5809 
5808 
5807 
4941 
2232 
5059 
4447 
2127 
4907 
1781 
4393 
2476 
8015 
7766 
8109 
8018 
7888 
7768 
4852 
6409 
6408 
6947 
4636 
2185 
2183 
4376 
7510 
6977 
6338 
5911 
3164 
6803 
7591 
8027 
7199 
3843 
2154 
7367 
7272 
7271 
7878 
7269 
7268 
7266 
6986 
6154 
5266 
7477 
7174 
7168 
7916 
5303 
8320 
5298 
2295 
8119 
5626 
4938 
1979 
6976 
8117 
8116 
7407 
7523 
7522 
8529 
4797 
8528 
8527 
6151 
5425 
8526 
8525 
6628 
3722 
5719 
7170 
1389 
7215 
4904 
7724 
7723 
8088 
7532 
7531 
8252 
8251 
7529 
7181 
6424 
5987 
8426 
8654 
5554 
7882 
7613 
7594 
3633 
6878 
5706 
7966 
7842 
7841 
7839 
6111 
8521 
8205 
8505 
8578 
8715 
8706 
7883 
5824 
6722 
6720 
7386 
7002 
7699 
7576 
8021 
5981 
2416 
7188 
3796 
1673 
6025 
8457 
3850 
8011 
8010 
7392 
7931 
6760 
6183 
5892 
7412 
6654 
2982 
7932 
1345 
8453 
8328 
7682 
7681 
3820 
8141 
8140 
6441 
5855 
3900 
6175 
7284 
6636 
5562 
2993 
2992 
871 
5238 
3430 
5682 
5004 
7195 
7824 
4928 
7868 
5058 
6698 
5015 
7099 
7097 
7096 
7095 
7094 
7093 
7091 
7090 
7089 
7088 
7087 
7086 
6979 
6633 
5795 
7078 
5534 
4592 
150 
8493 
7647 
6320 
6258 
7398 
7395 
7394 
6386 
4989 
4998 
6295 
6294 
6293 
6035 
5548 
3111 
4715 
7499 
8243 
8394 
8393 
6007 
8631 
8630 
8626 
8606 
8629 
8628 
8581 
8580 
8691 
8624 
8623 
6730 
6499 
7444 
7442 
7441 
7440 
7439 
7438 
7437 
3947 
8496 
8242 
6825 
7927 
7343 
6350 
7109 
7900 
6470 
6469 
2351 
2349 
6553 
8107 
5754 
5142 
3663 
1778 
653 
650 
7182 
5836 
7415 
7122 
7363 
6152 
7329 
5729 
5968 
8039 
5176 
5175 
8026 
8024 
7575 
8012 
7126 
6866 
6481 
6771 
6770 
5669 
4722 
4176 
257 
256 
3234 
6982 
920 
1853 
253 
5490 
5961 
2979 
1982 
1378 
7352 
7351 
7012 
6948 
7944 
8263 
8703 
8702 
8176 
8174 
8104 
6438 
8151 
7845 
7844 
7665 
7235 
7234 
6491 
8603 
8188 
8216 
7565 
7756 
7755 
6425 
4051 
2382 
2384 
4115 
7753 
7709 
2676 
4239 
4422 
3684 
4470 
8713 
8712 
8538 
5414 
4412 
5535 
2876 
8668 
8520 
8699 
7651 
8177 
7800 
6666 
6665 
7525 
7524 
7519 
4985 
6580 
2206 
1684 
428 
7385 
8361 
5392 
4922 
8301 
8300 
8299 
8298 
2245 
7683 
3179 
7735 
4321 
3270 
1741 
6612 
6611 
6437 
8478 
7988 
4166 
8479 
6692 
7542 
7541 
7540 
5777 
6518 
6517 
6516 
3574 
8365 
8194 
8193 
6750 
8403 
8514 
8401 
8399 
6104 
7904 
8183 
2724 
2721 
3148 
595 
4926 
4925 
4924 
3514 
6618 
6617 
6616 
6615 
6995 
7710 
7923 
7921 
8166 
8350 
8164 
7547 
8206 
8378 
6670 
7922 
4126 
6354 
7379 
7919 
6353 
7380 
6352 
7644 
7848 
5251 
6818 
6817 
6592 
6304 
6433 
7183 
5622 
3341 
6240 
5093 
5092 
2990 
95 
6324 
2575 
7382 
7381 
5412 
7206 
6953 
5555 
4260 
3232 
4669 
2756 
1243 
5701 
2512 
5109 
4478 
7685 
6958 
6848 
7497 
7495 
8237 
8396 
6798 
5513 
3847 
7815 
7512 
7896 
7180 
7151 
6589 
5930 
6575 
4875 
6585 
6171 
6600 
4703 
7975 
7974 
7973 
7493 
7492 
7056 
6932 
8352 
8368 
7706 
6021 
2710 
7971 
7970 
6927 
7490 
7486 
7485 
7368 
7341 
7708 
1888 
3706 
242 
2066 
4716 
6775 
6774 
6773 
7430 
7429 
7397 
7661 
7037 
7035 
7034 
3425 
2927 
4196 
3770 
3168 
1355 
4084 
6493 
4150 
4149 
1364 
3751 
7689 
7517 
3395 
4206 
6135 
5841 
868 
867 
862 
5980 
5979 
3774 
5867 
5865 
5864 
4178 
2668 
7676 
5172 
3251 
4664 
4663 
859 
8265 
8036 
7784 
8075 
8125 
8124 
7488 
7593 
7502 
7483 
7482 
7481 
7461 
7033 
5456 
3286 
8230 
7829 
7828 
8147 
6872 
6829 
6638 
5557 
7133 
6923 
7458 
7457 
496 
520 
519 
6181 
7823 
7454 
8452 
7582 
6427 
4026 
4029 
2987 
2031 
8677 
7579 
8676 
8305 
6059 
7123 
6561 
6560 
6300 
6033 
5497 
5366 
5365 
6860 
5363 
745 
2541 
5916 
4255 
2901 
7172 
8491 
8490 
8489 
6621 
6696 
6674 
7535 
6005 
6604 
7390 
6239 
1292 
7980 
8245 
8587 
8633 
8690 
8710 
8689 
8709 
8400 
8658 
8656 
8655 
4036 
7744 
8280 
8279 
8434 
8433 
8432 
8431 
7595 
4277 
8261 
8260 
8153 
7108 
8430 
8281 
7705 
6704 
5851 
1755 
6382 
5030 
8524 
4729 
8429 
8360 
8544 
8418 
8417 
5607 
664 
1967 
1966 
1964 
8285 
5335 
4697 
8049 
4911 
2084 
2083 
2082 
6926 
6842 
7603 
7602 
7601 
7600 
7599 
7598 
7372 
4273 
4272 
4270 
4269 
3894 
906 
8602 
8575 
8621 
8620 
8673 
8672 
8704 
7635 
8142 
7827 
8618 
8617 
3099 
8573 
8572 
8616 
4757 
8570 
7761 
6565 
8708 
8651 
8532 
8531 
8530 
8416 
7917 
6106 
7611 
7610 
5963 
6897 
7642 
7411 
7081 
7113 
4648 
6883 
6881 
6880 
6879 
6306 
5419 
2177 
3420 
715 
5896 
6002 
1676 
957 
8543 
8599 
8598 
8597 
8596 
4661 
2750 
8410 
8377 
4963 
4401 
8494 
8308 
8659 
8212 
7067 
2140 
7348 
7511 
5608 
8099 
7820 
7596 
7452 
3773 
8217 
6217 
4125 
5023 
366 
6272 
1934 
7064 
7063 
8594 
8593 
8584 
8498 
8295 
7778 
7496 
7881 
6701 
6656 
7786 
2308 
4329 
3520 
7501 
7677 
6869 
5239 
6529 
6528 
6527 
6526 
7471 
8466 
8465 
4042 
8552 
7391 
8269 
8268 
8267 
8266 
6459 
3717 
6691 
7995 
8219 
7280 
4803 
7545 
4417 
2723 
2645 
4301 
5402 
8009 
8008 
7273 
7336 
6690 
6591 
5457 
4440 
2494 
5049 
7986 
4905 
5394 
5393 
3657 
5044 
3039 
5746 
4297 
8155 
8154 
5733 
5332 
6626 
7567 
5686 
8136 
8135 
8339 
7832 
7759 
6884 
6602 
6218 
6333 
183 
3772 
3162 
8098 
2967 
8427 
7884 
4545 
7290 
5785 
8270 
8275 
8274 
4114 
5655 
4286 
6242 
7335 
6241 
3858 
7654 
4028 
8208 
8333 
8207 
5599 
7937 
7861 
4650 
8053 
8052 
8051 
7915 
7506 
5488 
7668 
8063 
8062 
8060 
8059 
5741 
7843 
8054 
3794 
3029 
4131 
4767 
6753 
2666 
6355 
7140 
7703 
8071 
7821 
6003 
7700 
5546 
6811 
6697 
4759 
5776 
5006 
5940 
5707 
6132 
5958 
6596 
4895 
4966 
3465 
4700 
3516 
4439 
6342 
6097 
4437 
6340 
6184 
6351 
6894 
7641 
7640 
7639 
6935 
5500 
5499 
3281 
4157 
6599 
6598 
4936 
4856 
5703 
5702 
2586 
2585 
5204 
5203 
6243 
4274 
5452 
3323 
3818 
892 
891 
6209 
6208 
6207 
6206 
6205 
4675 
7750 
8103 
8450 
8449 
7739 
7738 
7737 
7255 
524 
7445 
7950 
4189 
7624 
7294 
6138 
7072 
5789 
5696 
1043 
1041 
5524 
5045 
5542 
4345 
6285 
5040 
4892 
1037 
793 
2807 
2311 
7250 
7042 
3554 
7130 
6303 
5832 
7082 
5502 
5491 
6758 
6757 
6756 
7858 
7857 
8257 
7903 
7670 
6778 
6277 
1070 
4548 
5744 
5489 
2459 
3926 
3922 
3917 
2740 
2845 
4142 
5099 
7553 
7213 
756 
1287 
7731 
7730 
7729 
7728 
6368 
1681 
6012 
1592 
2889 
5097 
5039 
4302 
6447 
6107 
5495 
6918 
4370 
6309 
4368 
4563 
4561 
3191 
105 
2296 
6193 
6191 
6190 
6189 
7259 
7258 
7870 
2890 
2931 
8353 
4687 
8503 
7544 
7236 
3632 
8375 
6416 
8148 
8414 
8423 
8422 
7178 
2254 
6582 
5408 
7023 
6396 
2831 
4946 
2834 
2832 
2116 
3122 
6388 
8228 
6781 
6780 
6779 
7592 
7360 
7358 
7909 
7349 
1245 
5284 
7301 
7891 
6077 
4023 
4556 
4555 
1084 
5321 
5320 
5179 
2041 
2047 
2045 
2044 
2728 
1055 
3803 
7299 
6921 
6215 
4813 
7834 
7833 
7068 
4812 
2835 
6619 
4333 
309 
6213 
4347 
6620 
4537 
7939 
6632 
5397 
4456 
836 
5390 
3332 
3875 
6659 
4186 
6882 
4590 
3409 
5766 
3018 
5629 
6148 
6147 
6146 
5447 
4855 
7376 
7375 
7350 
7163 
5917 
6831 
3047 
4453 
6801 
4060 
981 
5226 
4820 
3795 
6348 
4756 
3331 
5646 
3439 
4833 
7311 
7310 
7309 
6194 
3437 
6186 
7253 
6597 
4152 
3610 
2603 
5225 
5224 
2599 
4411 
2334 
2331 
8004 
952 
8002 
6762 
6143 
1468 
7552 
7040 
7663 
7662 
980 
6051 
6230 
2359 
683 
6980 
4930 
682 
677 
6345 
7549 
7548 
5516 
7864 
8167 
1703 
7862 
4684 
1705 
6271 
4987 
5838 
6133 
5422 
6930 
4140 
7616 
7615 
513 
4906 
1838 
2405 
4558 
4557 
2923 
5515 
5292 
6832 
5257 
5256 
5255 
4209 
7424 
7423 
6984 
6858 
6150 
6810 
6809 
5013 
3107 
2414 
5805 
5369 
5368 
4094 
2788 
3144 
852 
7812 
5975 
6153 
7232 
8091 
4929 
5986 
5985 
7179 
5984 
5265 
6385 
6384 
6383 
4116 
527 
4454 
5913 
4848 
3635 
5429 
6671 
4616 
8034 
8515 
8211 
7566 
5020 
3546 
3468 
3157 
733 
7617 
6919 
3944 
1277 
5939 
4614 
6443 
4777 
3353 
4689 
6327 
6326 
6325 
4296 
4871 
4870 
6573 
4645 
4253 
4869 
2075 
4619 
784 
3901 
3209 
1734 
1733 
343 
7466 
7957 
7465 
1148 
1144 
7463 
6497 
1655 
1654 
7124 
6800 
2114 
6909 
4830 
3587 
3178 
3177 
3176 
5379 
5378 
5377 
4513 
6389 
5022 
4511 
4509 
3174 
537 
1455 
1454 
6564 
5687 
4435 
6020 
5995 
3908 
3816 
3642 
7306 
7305 
7303 
6578 
5876 
1956 
1835 
1423 
3188 
933 
941 
939 
937 
1625 
1387 
2563 
7353 
6754 
2879 
3249 
4430 
4429 
4428 
265 
1816 
6769 
5602 
4825 
5167 
2958 
3891 
7561 
1962 
7166 
5880 
7076 
5094 
4242 
3460 
5431 
4638 
7027 
7026 
5538 
5471 
4668 
3786 
5705 
2040 
8674 
8657 
3643 
4521 
2655 
5375 
3203 
211 
1611 
110 
2141 
4022 
3424 
6357 
5181 
2846 
8175 
4192 
3021 
1066 
587 
584 
7479 
8682 
8681 
8679 
6563 
5660 
7852 
7137 
6234 
5529 
5053 
4891 
3064 
6140 
4108 
4107 
6102 
4655 
2954 
4790 
3059 
718 
7621 
7620 
7361 
7910 
5350 
4565 
5146 
7153 
6853 
4996 
3562 
5311 
5309 
6393 
6392 
6391 
6390 
970 
3321 
1696 
2719 
2717 
1342 
2467 
2465 
1957 
1508 
1506 
5428 
3364 
1470 
6114 
3324 
4984 
7425 
7389 
5786 
6815 
6814 
6813 
6086 
5518 
2607 
4073 
3984 
4187 
1831 
5783 
4622 
4737 
5978 
5465 
4602 
5318 
5329 
5328 
2951 
1810 
1959 
4660 
3766 
2000 
2978 
6833 
6502 
4299 
7404 
7403 
7267 
2791 
5295 
5294 
6222 
6056 
4204 
4918 
4388 
1630 
4217 
4202 
3370 
5087 
6707 
6290 
5310 
4640 
5083 
5081 
5080 
5079 
5078 
4908 
3340 
4681 
4069 
2419 
3737 
3736 
2180 
1198 
5354 
5353 
1805 
6764 
1577 
4943 
1257 
1159 
4472 
4041 
4040 
5902 
4037 
3570 
5221 
5220 
5219 
5545 
6925 
6924 
6349 
2551 
6929 
5143 
1735 
6052 
2126 
2946 
2944 
2943 
1590 
1589 
1588 
1587 
1586 
1582 
8096 
8170 
8095 
7811 
8387 
8386 
8089 
6461 
5692 
7747 
7451 
4753 
7359 
5469 
3885 
4948 
5404 
5403 
5229 
5550 
4839 
5720 
4536 
3720 
2162 
3308 
881 
5103 
6912 
6911 
6543 
6542 
6541 
6505 
5012 
3974 
3973 
3155 
5827 
239 
5712 
5711 
4450 
3578 
5942 
1708 
6699 
6195 
4631 
3898 
4607 
4606 
4605 
1370 
3558 
3522 
5750 
7044 
7734 
8123 
7043 
6746 
6745 
6744 
6743 
6742 
6741 
4867 
2356 
4501 
4499 
7342 
5463 
4841 
4494 
6018 
3345 
3344 
3343 
5798 
3342 
4497 
7008 
7007 
7006 
6485 
5976 
3892 
3017 
2025 
4819 
4818 
4620 
4174 
3240 
5748 
5747 
5676 
5675 
5674 
5673 
3778 
1042 
2942 
4064 
3776 
4775 
4774 
4773 
4772 
1180 
3095 
4473 
2947 
3182 
1261 
4386 
4385 
4531 
4529 
4528 
4143 
1787 
4460 
104 
5401 
5400 
3734 
2871 
1196 
3296 
3295 
3294 
3807 
3806 
3872 
3870 
629 
4446 
4770 
4234 
3931 
4263 
2145 
1599 
7877 
3683 
5296 
3800 
2219 
4410 
4409 
4408 
3293 
5210 
5209 
5207 
5206 
5205 
5112 
4968 
2594 
2592 
2309 
2985 
3853 
3263 
6854 
8273 
8272 
6311 
6192 
4575 
3777 
1951 
3719 
2332 
4582 
3271 
3238 
3236 
4755 
8185 
8184 
6586 
6922 
4003 
7645 
5763 
5762 
5761 
6100 
7770 
8112 
8111 
7489 
5349 
6895 
6465 
1086 
7803 
7062 
6755 
3346 
8077 
5051 
3048 
3963 
7434 
7433 
5494 
3254 
6804 
7366 
7365 
8196 
7968 
6946 
2542 
4382 
4381 
2616 
2233 
2216 
2119 
2766 
1422 
1028 
912 
402 
4694 
3895 
6908 
6819 
4167 
3015 
7142 
7120 
6837 
4821 
3192 
6991 
6989 
4977 
3789 
4873 
4387 
5064 
4402 
1476 
1475 
1473 
4656 
6093 
7019 
7018 
6669 
5833 
1754 
3406 
5847 
5110 
1949 
2531 
2096 
2106 
7143 
6084 
4783 
5907 
5906 
6253 
7355 
7118 
7022 
5837 
4720 
6399 
6235 
6134 
4276 
4030 
3979 
3319 
4849 
908 
774 
7114 
1338 
53 
52 
2799 
2424 
621 
50 
49 
47 
2805 
5374 
5373 
4139 
5305 
6680 
6679 
6484 
345 
3499 
3498 
3497 
2878 
2803 
45 
6332 
5102 
3125 
7564 
5977 
7228 
5662 
3934 
6717 
6716 
6715 
6559 
6379 
5850 
4893 
3848 
1911 
1909 
1907 
1698 
1366 
4909 
4791 
3735 
5725 
7104 
4832 
5395 
3314 
4443 
2434 
5038 
4426 
2256 
1160 
2956 
4743 
6532 
4742 
4741 
706 
1919 
1918 
6983 
7688 
6966 
3401 
6284 
4415 
4315 
2236 
470 
6576 
2949 
5308 
6835 
5306 
7216 
6712 
4637 
3473 
2808 
5971 
3757 
1902 
1887 
1683 
792 
3280 
2812 
5935 
5384 
4808 
1215 
1212 
232 
4618 
4002 
7629 
7628 
7098 
5189 
2073 
6440 
4390 
4083 
2884 
1834 
479 
5263 
5261 
3447 
3792 
6343 
5645 
2412 
3219 
2736 
4252 
5904 
5903 
5898 
5810 
3765 
5222 
209 
3880 
6000 
5999 
5998 
5997 
5996 
2726 
979 
946 
6034 
5177 
4792 
6336 
6335 
5382 
3226 
6649 
6648 
6647 
6646 
4141 
3359 
4292 
1284 
2093 
554 
4553 
4552 
4550 
1474 
2153 
2709 
5125 
5124 
5123 
3897 
7148 
5791 
1682 
1593 
5871 
30 
5262 
3141 
4271 
3967 
2172 
1114 
310 
1191 
1555 
1554 
7107 
4155 
4000 
739 
5347 
6178 
6177 
3014 
1267 
493 
4179 
4089 
6110 
6786 
5027 
469 
3624 
3435 
1651 
1650 
1646 
1556 
832 
6283 
4136 
6960 
3034 
3033 
3032 
1419 
1044 
4088 
4087 
5854 
4086 
4085 
3724 
1847 
4279 
3525 
3215 
1952 
1709 
5553 
3518 
3284 
2001 
4980 
4738 
1848 
3919 
4860 
5252 
8041 
7962 
7961 
7960 
7959 
7958 
1859 
2500 
5319 
931 
1562 
1561 
1560 
1559 
2022 
2021 
2019 
1094 
1401 
4312 
4311 
4310 
4309 
395 
393 
392 
3783 
3262 
2924 
5475 
5001 
5000 
3619 
3348 
2800 
3471 
2194 
801 
4530 
737 
3093 
3092 
3399 
2498 
747 
3965 
2526 
5504 
5016 
3946 
2759 
648 
1585 
4476 
7155 
6752 
6672 
5883 
2402 
4666 
7205 
5387 
1469 
5652 
3560 
6197 
6196 
4420 
3278 
7176 
5905 
1080 
1079 
1076 
3914 
2406 
6728 
6727 
6726 
3970 
2385 
4807 
4597 
2430 
1285 
4862 
4861 
2247 
1010 
3925 
3653 
2882 
928 
3013 
4886 
4885 
4884 
6588 
6587 
6370 
6232 
5658 
5628 
2342 
6568 
4314 
963 
1082 
308 
4421 
1188 
6794 
5657 
2730 
1165 
5820 
5819 
5818 
6085 
4887 
6595 
6594 
6593 
6496 
4486 
4365 
2926 
2855 
1861 
2011 
2010 
2009 
4796 
4794 
4793 
4613 
1072 
2007 
2005 
2004 
4810 
3615 
6087 
5933 
3496 
3879 
5642 
5641 
5640 
4278 
8220 
2036 
2034 
3009 
3008 
3007 
2483 
2482 
2481 
646 
4795 
6301 
4389 
2425 
3467 
2229 
475 
612 
160 
5208 
4569 
3797 
3352 
2530 
1435 
3801 
3665 
2929 
1039 
1259 
3844 
4917 
4916 
1349 
1528 
4306 
2357 
1313 
4247 
4246 
4245 
6225 
3500 
5065 
3877 
5526 
5258 
4262 
1213 
2109 
387 
1309 
1307 
1306 
1305 
102 
5290 
4644 
3893 
2099 
2696 
1453 
1202 
823 
515 
4024 
2050 
3213 
5797 
3386 
6467 
5054 
6806 
3564 
1600 
4078 
3586 
1034 
5149 
5148 
1624 
1806 
1071 
1765 
4372 
4371 
4591 
3828 
1747 
2418 
4171 
4170 
1356 
7326 
7325 
7324 
6579 
6031 
2976 
5216 
3978 
1529 
3981 
5653 
4424 
2248 
4502 
4339 
4077 
4091 
5586 
5585 
5505 
4997 
3119 
5037 
5036 
5035 
5034 
5033 
3711 
3110 
4983 
7987 
7527 
6914 
6347 
5678 
5632 
2875 
3756 
6662 
6661 
3802 
5317 
5316 
5315 
5314 
5313 
5312 
1844 
6675 
6450 
5592 
4304 
8482 
8567 
2018 
3763 
3472 
6765 
6667 
5806 
5536 
2630 
2547 
2390 
3318 
6826 
6011 
4714 
5279 
5278 
5276 
5228 
3916 
2945 
4960 
4958 
4543 
3809 
2207 
1839 
1686 
1250 
1717 
4594 
4445 
3045 
2421 
153 
1714 
4587 
4586 
4585 
918 
6423 
6422 
6420 
6419 
4101 
4017 
1710 
1216 
1101 
3087 
3086 
3084 
5118 
1381 
2925 
4564 
4396 
4395 
2484 
2059 
1192 
1772 
5289 
4955 
2647 
6281 
6280 
6279 
6109 
2910 
1340 
1341 
597 
605 
604 
598 
3747 
3052 
106 
1724 
4771 
3660 
3659 
2518 
2517 
1375 
4162 
4016 
3117 
603 
1434 
5323 
5552 
4506 
4441 
3474 
2697 
1464 
3415 
3414 
2456 
1971 
5956 
5955 
5506 
8650 
8649 
8648 
8647 
8646 
8645 
8644 
8643 
8642 
8641 
8640 
8639 
8638 
8637 
8636 
8635 
8634 
7634 
7443 
3163 
8588 
7830 
5693 
7762 
6495 
4962 
3023 
3466 
3780 
1936 
693 
3638 
1204 
1032 
7297 
7296 
7295 
4380 
5277 
2054 
4379 
4378 
864 
4725 
1048 
971 
1308 
1316 
4588 
3641 
2068 
1553 
1354 
1938 
2934 
2872 
135 
2989 
1727 
4523 
2507 
3949 
3782 
3237 
1472 
1930 
305 
2533 
2475 
1492 
1491 
1131 
1130 
1129 
1125 
4058 
1123 
2243 
3527 
2734 
2167 
1073 
795 
304 
5018 
3556 
5654 
3486 
3016 
6229 
4570 
4248 
2174 
7208 
7207 
5731 
2435 
3935 
3272 
835 
3208 
2769 
312 
223 
530 
4103 
6131 
6130 
6129 
6128 
7261 
5615 
1490 
1227 
611 
6127 
6126 
5938 
4284 
6246 
6245 
6244 
5223 
3289 
2033 
2833 
2617 
4427 
3573 
3187 
1479 
5236 
6805 
3412 
2364 
5200 
3043 
2968 
1991 
421 
746 
663 
3798 
6653 
6652 
6651 
6650 
7399 
5043 
3899 
4665 
3513 
754 
4970 
6533 
3813 
2611 
769 
3696 
3291 
3283 
752 
794 
1136 
1133 
6264 
6263 
3440 
5432 
1929 
874 
4047 
2681 
953 
5588 
5587 
5426 
5041 
5021 
4682 
1503 
2702 
2195 
1940 
5568 
4052 
3199 
3090 
5067 
5066 
3911 
3097 
3327 
1921 
3273 
1721 
1719 
560 
1671 
134 
2266 
4999 
4718 
6503 
3871 
3287 
1551 
4341 
3200 
2758 
1499 
1564 
1572 
1571 
1568 
1567 
1565 
5486 
5301 
2493 
2486 
1400 
3056 
2847 
2578 
2491 
2383 
1677 
1149 
796 
1500 
1784 
1075 
1442 
399 
2472 
2471 
1668 
4973 
1870 
786 
2896 
1319 
3873 
4899 
4717 
1638 
4629 
3105 
2639 
3845 
2705 
3540 
3002 
2701 
2589 
856 
489 
1878 
6790 
6789 
6788 
6787 
6462 
5829 
3461 
3088 
1877 
1875 
1874 
1873 
623 
403 
3591 
3124 
3108 
3042 
1255 
5446 
5444 
2223 
4110 
4109 
2841 
4789 
4788 
4787 
4785 
3941 
686 
570 
1093 
2458 
1961 
5616 
2811 
1746 
2621 
2620 
2263 
2157 
751 
1629 
3577 
2107 
2966 
236 
5909 
3938 
1509 
2737 
893 
349 
1576 
422 
2170 
1856 
1975 
2239 
2100 
1620 
1619 
1179 
1145 
3152 
2538 
821 
1996 
3233 
3202 
2003 
4954 
3640 
266 
1827 
3928 
1542 
1234 
405 
788 
6747 
1699 
7317 
7893 
7892 
6247 
3235 
2950 
7316 
7302 
6906 
6583 
6933 
6645 
6257 
5842 
2969 
6504 
3196 
3924 
1186 
3085 
2186 
2187 
1743 
1463 
1900 
1107 
884 
534 
533 
2165 
550 
363 
1404 
1411 
1409 
1408 
2961 
1407 
1406 
1405 
425 
814 
2842 
1199 
919 
364 
1744 
701 
700 
699 
600 
710 
4457 
4099 
3982 
6145 
2108 
440 
2747 
1928 
1390 
4953 
2369 
674 
2042 
2029 
1866 
1360 
1759 
1053 
1343 
4287 
845 
844 
3836 
3835 
3834 
3754 
2815 
1147 
2948 
1078 
3728 
744 
449 
445 
443 
228 
340 
334 
1579 
501 
7702 
7643 
5962 
7101 
7070 
5473 
1425 
525 
365 
1511 
1164 
716 
3951 
632 
1905 
1495 
1486 
1485 
1483 
1482 
3257 
448 
1481 
7276 
6066 
4156 
2838 
825 
3983 
3671 
2395 
1818 
2070 
865 
652 
3826 
3656 
3457 
1134 
3524 
2873 
6724 
6723 
1175 
1174 
1173 
1172 
1171 
929 
282 
277 
3072 
3790 
2877 
2765 
218 
78 
869 
828 
827 
330 
3325 
3103 
3062 
107 
1871 
1054 
4004 
3515 
5002 
4343 
3229 
3228 
3227 
2473 
1410 
1169 
1566 
269 
137 
2035 
4822 
6319 
5831 
5774 
4288 
3602 
3526 
3185 
2393 
3049 
2238 
1761 
972 
810 
5869 
5868 
4163 
4001 
2849 
1615 
1797 
1670 
3413 
2341 
1836 
3958 
3957 
3956 
3955 
3378 
1863 
932 
2915 
2914 
2913 
1837 
516 
5613 
2794 
1972 
3503 
2691 
2404 
2407 
1760 
2399 
3998 
3997 
3996 
3995 
3282 
2718 
2503 
1898 
1745 
381 
2572 
5190 
1976 
177 
2570 
2568 
4491 
4490 
1602 
1045 
1852 
1634 
1726 
3337 
921 
3350 
2378 
1563 
1507 
1320 
791 
645 
1978 
517 
2142 
5532 
2744 
1986 
1712 
3131 
3130 
3129 
5681 
2856 
2043 
1534 
6328 
1015 
613 
24 
4643 
3960 
3631 
3676 
3675 
3173 
1657 
1092 
3312 
1758 
1127 
4657 
3184 
4373 
1773 
3512 
1865 
614 
4200 
4199 
4198 
1941 
926 
914 
2593 
1373 
347 
2191 
1254 
1185 
1115 
2543 
2544 
1812 
1088 
727 
2299 
723 
722 
721 
216 
276 
2687 
2685 
2379 
2048 
1860 
6054 
3710 
5104 
1272 
3277 
2874 
2322 
1665 
7227 
7128 
5574 
5525 
3730 
2941 
3147 
1397 
1396 
1395 
2374 
5069 
2373 
2372 
2371 
2370 
1691 
1193 
4130 
585 
1393 
934 
2464 
2151 
1012 
1280 
917 
2440 
819 
54 
63 
62 
61 
57 
56 
55 
252 
1892 
391 
3808 
2648 
2076 
1166 
1109 
1049 
3759 
3530 
459 
3408 
128 
602 
589 
194 
3677 
3528 
2632 
2796 
1510 
502 
3739 
3738 
3565 
2548 
2450 
671 
720 
48 
583 
3704 
2580 
5352 
4215 
3915 
896 
1750 
3488 
3422 
1757 
1167 
974 
287 
601 
1522 
5183 
4859 
4765 
3685 
4517 
2801 
167 
5267 
3470 
3418 
4433 
4432 
4431 
3959 
3568 
2763 
2661 
5381 
5380 
5082 
4809 
3985 
2770 
166 
1184 
853 
2255 
3355 
3096 
3074 
1252 
1020 
1019 
1018 
286 
610 
240 
1208 
714 
119 
1380 
1346 
374 
3298 
1574 
109 
147 
146 
145 
207 
1008 
1999 
1007 
2192 
1090 
491 
1060 
882 
2920 
2919 
2918 
2692 
1969 
984 
1706 
1270 
2566 
1575 
2062 
829 
4160 
2624 
1580 
229 
42 
1142 
526 
3137 
3136 
3135 
4723 
3134 
3133 
3132 
2432 
2401 
1925 
3748 
141 
85 
5635 
6973 
6972 
5376 
3493 
1224 
4019 
3767 
3611 
3035 
2883 
2549 
1963 
763 
762 
761 
2795 
861 
3861 
3508 
3507 
3506 
3320 
3061 
3060 
2866 
2683 
2438 
1994 
947 
478 
416 
415 
414 
413 
412 
16 
149 
1524 
615 
318 
1017 
1785 
1960 
1767 
679 
2293 
2292 
2291 
2290 
2289 
2288 
2287 
2286 
2285 
2284 
3622 
2303 
1297 
1296 
1295 
1294 
1293 
4224 
4223 
6210 
4222 
4221 
927 
3930 
3929 
1289 
386 
935 
1924 
678 
1855 
1004 
949 
2381 
2020 
940 
4377 
3456 
2688 
1081 
2837 
2836 
457 
548 
2226 
2063 
2060 
1467 
975 
936 
295 
2780 
1953 
1288 
361 
36 
35 
2860 
2859 
33 
2715 
2569 
2176 
1322 
1329 
1328 
1327 
1326 
1325 
1324 
1323 
665 
123 
1000 
999 
998 
997 
140 
1033 
803 
668 
206 
995 
994 
993 
992 
991 
989 
3595 
3594 
5122 
4129 
3629 
2386 
1751 
4238 
4237 
4236 
1776 
842 
838 
3609 
3044 
2327 
1061 
1058 
1062 
2046 
1762 
192 
582 
2014 
2013 
1780 
362 
1156 
1126 
442 
2362 
1872 
4097 
4096 
4095 
3849 
2198 
1029 
726 
495 
3454 
3453 
3452 
3451 
3450 
3449 
3115 
2820 
2129 
2137 
2136 
2134 
2133 
2132 
2131 
2130 
1120 
643 
1220 
321 
1841 
1840 
1819 
5339 
3968 
3920 
3890 
3846 
3448 
3285 
1569 
2112 
2469 
1769 
1764 
1725 
498 
15 
514 
76 
3166 
3165 
2778 
1910 
1279 
1189 
306 
91 
90 
418 
1021 
969 
820 
18 
531 
1137 
625 
3299 
1502 
497 
59 
962 
7322 
7321 
7320 
7319 
7318 
6740 
4786 
3750 
113 
439 
259 
2858 
1493 
472 
60 
186 
547 
225 
2201 
2164 
1926 
1150 
1097 
1096 
599 
734 
3674 
2743 
4358 
2392 
1544 
1122 
7 
437 
4013 
2970 
2727 
2505 
2480 
2436 
1901 
781 
778 
2822 
71 
70 
69 
1278 
2802 
4459 
17 
4038 
6092 
3597 
1608 
938 
1546 
480 
552 
1006 
1642 
1047 
955 
487 
263 
753 
255 
3070 
3069 
3068 
3067 
2028 
1973 
1801 
1570 
58 
3571 
3381 
1635 
3089 
1005 
444 
419 
1695 
4081 
4080 
4079 
3923 
3921 
3755 
1516 
338 
503 
2663 
1661 
1077 
742 
342 
38 
528 
130 
782 
606 
482 
2225 
2218 
1914 
1862 
4712 
3746 
1244 
1128 
594 
203 
13 
3837 
3628 
3010 
2446 
5367 
4974 
3432 
3078 
2748 
1433 
911 
201 
2772 
2463 
332 
19 
453 
2998 
2508 
2148 
2139 
1594 
127 
288 
5116 
5115 
4102 
3814 
3616 
3310 
2298 
1826 
1722 
316 
4510 
2798 
2128 
1452 
1069 
505 
433 
432 
431 
335 
303 
1413 
1412 
885 
485 
372 
2810 
1899 
777 
3190 
3186 
913 
2863 
2398 
1876 
1557 
1050 
193 
641 
619 
243 
3197 
190 
189 
848 
325 
3485 
3484 
3483 
3482 
1318 
586 
181 
2786 
2205 
1854 
202 
2325 
2135 
1051 
170 
1052 
267 
40 
108 
447 
1460 
1459 
4406 
1358 
21 
5 
4 
3 
2 
1 
