8274 
8273 
8272 
8270 
8266 
8265 
8264 
8262 
8261 
8260 
8256 
8255 
8254 
8253 
8252 
8251 
8248 
8245 
8244 
8243 
8242 
8241 
8238 
8236 
8233 
8232 
8231 
8229 
8222 
8221 
8216 
8215 
8214 
8213 
8211 
8206 
8205 
8203 
8202 
8199 
8197 
8196 
8195 
8194 
8193 
8190 
8189 
8187 
8184 
8183 
8182 
8181 
8180 
8179 
8177 
8173 
8172 
8171 
8170 
8167 
8166 
8162 
8161 
8159 
8158 
8157 
8156 
8155 
8153 
8152 
8150 
8147 
8146 
8145 
8144 
8142 
8140 
8138 
8137 
8136 
8135 
8133 
8131 
8126 
8120 
8119 
8118 
8115 
8114 
8112 
8111 
8110 
8109 
8108 
8107 
8106 
8105 
8104 
8103 
8102 
8101 
8100 
8099 
8098 
8097 
8096 
8095 
8094 
8093 
8092 
8091 
8088 
8089 
8087 
8086 
8085 
8084 
8081 
8080 
8077 
8075 
8074 
8076 
8072 
8071 
8070 
8069 
8066 
8065 
8064 
8063 
8062 
8061 
8060 
8057 
8056 
8055 
8054 
8053 
8052 
8049 
8048 
8047 
8046 
8045 
8041 
8040 
8036 
8035 
8027 
8023 
8020 
8014 
8015 
8013 
8012 
8011 
8010 
8009 
8006 
8005 
8001 
8000 
7999 
7998 
7995 
7993 
7985 
7981 
7982 
7980 
7978 
7976 
7975 
7974 
7972 
7973 
7970 
7969 
7968 
7967 
7966 
7964 
7960 
7959 
7956 
7955 
7954 
7953 
7950 
7949 
7948 
7945 
7944 
7942 
7941 
7940 
7939 
7938 
7937 
7935 
7934 
7933 
7932 
7931 
7930 
7929 
7925 
7923 
7922 
7920 
7919 
7916 
7915 
7914 
7911 
7907 
7906 
7905 
7904 
7903 
7902 
7901 
7900 
7894 
7893 
7892 
7891 
7889 
7888 
7887 
7886 
7885 
7884 
7883 
7878 
7877 
7875 
7873 
7870 
7869 
7868 
7867 
7866 
7865 
7864 
7863 
7861 
7856 
7854 
7853 
7852 
7851 
7850 
7849 
7848 
7845 
7844 
7843 
7842 
7841 
7837 
7836 
7834 
7832 
7831 
7830 
7829 
7828 
7827 
7826 
7822 
7821 
7818 
7815 
7814 
7812 
7808 
7806 
7805 
7804 
7802 
7801 
7800 
7796 
7792 
7790 
7789 
7783 
7782 
7781 
7780 
7779 
7777 
7775 
7774 
7773 
7772 
7771 
7770 
7769 
7768 
7767 
7766 
7762 
7761 
7760 
7759 
7758 
7756 
7755 
7754 
7753 
7752 
7751 
7750 
7747 
7745 
7744 
7743 
7742 
7741 
7738 
7737 
7736 
7733 
7732 
7729 
7728 
7727 
7724 
7721 
7720 
7719 
7717 
7716 
7715 
7706 
7705 
7704 
7703 
7698 
7697 
7696 
7687 
7686 
7685 
7684 
7682 
7679 
7678 
7677 
7676 
7670 
7665 
7664 
7663 
7661 
7660 
7659 
7650 
7645 
7644 
7639 
7638 
7637 
7630 
7629 
7626 
7625 
7623 
7619 
7617 
7616 
7615 
7614 
7613 
7611 
7610 
7609 
7608 
7605 
7602 
7601 
7600 
7599 
7598 
7597 
7595 
7594 
7586 
7585 
7581 
7580 
7579 
7578 
8165 
7577 
7576 
7572 
7571 
7570 
7569 
7565 
7564 
7563 
7554 
7550 
7549 
7546 
7545 
7540 
7538 
7537 
7536 
7535 
7531 
7528 
7527 
7525 
7524 
7523 
7522 
7518 
7515 
7514 
7513 
7511 
7509 
7505 
7503 
7502 
7501 
7494 
7495 
7492 
7487 
7486 
7485 
7484 
7483 
7482 
7481 
7480 
7477 
7476 
7474 
7473 
7472 
7471 
7470 
7469 
7468 
7466 
7465 
7467 
7462 
7461 
7459 
7458 
7457 
7456 
7455 
7454 
7453 
7452 
7451 
7448 
7447 
7446 
7445 
7444 
7441 
7431 
7430 
7429 
7428 
7427 
7426 
7425 
7424 
7421 
7420 
7419 
7418 
7417 
7416 
7415 
7413 
7409 
7405 
7404 
7403 
7402 
7401 
7394 
7392 
7390 
7383 
7382 
7380 
7379 
7377 
7376 
7374 
7372 
7371 
7363 
7360 
7357 
7355 
7354 
7353 
7352 
7350 
7349 
7348 
7347 
7345 
7344 
7343 
7342 
7337 
7336 
7335 
7333 
7332 
7330 
7329 
7327 
7326 
7321 
7320 
7317 
7310 
7309 
7305 
7302 
7300 
7299 
7298 
7296 
7294 
7293 
7291 
7287 
7286 
7285 
7284 
7283 
7282 
7281 
7278 
7276 
7271 
7270 
7269 
7268 
7267 
7266 
7265 
7260 
7255 
7253 
7252 
7251 
7245 
7241 
7240 
7239 
7236 
7235 
7234 
7232 
7231 
7230 
7229 
7228 
7227 
7226 
7223 
7221 
7220 
7219 
7218 
7217 
7212 
7211 
7210 
7206 
7205 
7203 
7199 
7198 
7197 
7194 
7195 
7193 
7192 
7190 
7191 
7189 
7188 
7187 
7184 
7183 
7181 
7180 
7179 
7178 
7177 
7176 
7175 
7174 
7173 
7172 
7171 
7170 
7167 
7166 
7165 
7164 
7163 
7160 
7159 
7158 
7157 
7156 
7155 
7154 
7153 
7151 
7150 
7145 
7142 
7140 
7139 
7138 
7137 
7136 
7135 
7134 
7133 
7132 
7130 
7129 
7128 
7127 
7126 
7125 
7124 
7123 
7122 
7121 
7118 
7117 
7114 
7113 
7112 
7111 
7109 
7107 
7106 
7104 
7103 
7100 
7099 
7098 
7096 
7095 
7090 
7089 
7087 
7086 
7085 
7084 
7082 
7080 
7797 
7079 
7072 
7071 
7070 
7065 
7064 
7061 
7057 
7056 
7055 
7053 
7051 
7049 
7048 
7046 
7045 
7044 
7043 
7041 
7038 
7037 
7036 
7035 
7032 
7031 
7033 
7030 
7029 
7028 
7027 
7026 
7025 
7024 
7022 
7020 
7019 
7018 
7017 
7016 
7015 
7014 
7013 
7011 
7010 
7009 
7008 
7007 
7006 
7004 
7003 
7002 
7001 
7000 
6999 
6998 
6996 
6995 
6991 
6990 
6986 
6985 
6984 
6981 
6978 
6975 
6974 
6972 
6971 
6969 
6968 
6963 
6962 
6961 
6960 
6959 
6958 
6954 
6949 
6947 
6943 
6941 
6940 
6936 
6935 
6929 
6928 
6927 
6926 
6922 
6921 
6916 
6915 
6912 
6911 
6910 
6909 
6908 
6906 
6905 
6903 
6902 
6900 
6899 
6896 
6895 
6889 
6886 
6885 
6884 
6883 
6881 
6880 
6878 
6877 
6876 
6870 
6867 
6866 
6865 
6864 
6863 
6862 
6861 
6859 
6854 
6852 
6848 
6847 
6846 
6845 
6844 
6843 
6842 
6841 
6837 
6836 
6835 
6834 
6829 
6828 
6824 
6822 
6821 
6819 
6818 
6816 
6815 
6812 
6811 
6810 
6808 
6807 
6804 
6802 
6801 
6800 
6798 
6797 
6795 
6794 
6793 
6787 
6782 
6781 
6779 
6776 
6775 
6773 
6771 
6768 
6767 
6766 
6764 
6761 
6760 
6758 
6753 
6752 
6751 
6757 
6749 
6747 
6746 
6745 
6744 
6738 
6735 
6734 
6732 
6731 
6730 
6729 
6728 
6727 
6726 
6719 
6718 
6717 
6713 
6711 
6710 
6706 
6705 
6703 
6702 
6701 
6698 
6697 
6696 
6695 
6692 
6690 
6689 
6688 
6687 
6684 
6683 
6679 
6678 
6677 
6676 
6675 
6674 
6673 
6672 
6671 
6666 
6660 
6658 
6657 
6656 
6655 
6654 
6653 
6652 
6651 
6650 
6649 
6648 
6647 
6646 
6645 
6644 
6643 
6639 
6638 
6636 
6635 
6633 
6630 
6627 
6626 
6625 
6622 
6623 
6620 
6619 
6617 
6616 
6615 
6614 
6612 
6609 
6608 
6607 
6605 
6604 
6603 
6602 
6601 
6598 
6588 
6587 
6586 
6585 
6584 
6583 
6582 
6581 
6580 
6579 
6578 
6577 
6575 
6574 
6573 
6572 
6565 
6563 
6561 
6551 
6550 
6548 
6547 
6546 
6545 
6544 
6542 
6541 
6539 
6538 
6537 
6536 
6535 
6534 
6533 
6527 
6526 
6525 
6524 
6522 
6521 
6520 
6519 
6518 
6517 
6516 
6515 
6514 
6513 
6510 
6509 
6508 
6507 
6506 
6504 
6502 
6500 
6497 
6495 
6494 
6493 
6492 
6490 
6489 
6488 
6487 
6486 
6485 
6484 
6483 
6480 
6479 
6478 
6477 
6471 
6470 
6469 
6468 
6467 
6466 
6461 
6460 
6459 
6457 
6456 
6455 
6454 
6453 
6452 
6451 
6450 
6448 
6446 
6445 
6444 
6443 
6440 
6439 
6436 
6431 
6430 
6429 
6428 
6426 
6423 
6416 
6415 
6413 
6412 
6411 
6410 
6408 
6406 
6399 
6398 
6397 
6396 
6395 
6394 
6393 
6392 
6391 
6389 
6387 
6383 
6381 
6380 
6379 
6378 
6377 
6375 
6374 
6371 
6367 
6366 
6359 
6356 
6355 
6351 
6350 
6349 
6348 
6346 
6339 
6333 
6332 
6331 
6326 
6325 
6324 
6319 
6317 
6316 
6315 
6314 
6313 
6312 
6304 
6301 
6298 
6297 
6295 
6294 
6293 
6292 
6291 
6288 
6287 
6286 
6282 
6281 
6276 
6275 
6274 
6273 
6271 
6266 
6267 
6265 
6264 
6263 
6258 
6259 
6254 
6253 
6252 
6248 
6247 
6245 
6244 
6242 
6240 
6239 
6236 
6232 
6230 
6228 
6224 
6223 
6222 
6220 
6219 
6217 
6216 
6215 
6214 
6213 
6212 
6208 
6207 
6206 
6205 
6204 
6203 
6202 
6201 
6200 
6199 
6197 
6196 
6193 
6192 
6191 
6190 
6188 
6187 
6186 
6185 
6184 
6183 
6182 
6181 
6180 
6179 
6178 
6177 
6176 
6175 
6169 
6168 
6165 
6160 
6158 
6157 
6155 
6153 
6152 
6150 
6147 
6146 
6145 
6144 
6143 
6142 
6141 
6139 
6135 
6134 
6133 
6132 
6129 
6128 
6127 
6126 
6121 
6120 
6119 
6118 
6116 
6114 
6113 
6112 
6108 
6100 
6101 
6093 
6092 
6091 
6089 
6090 
6082 
6081 
6079 
6077 
6075 
6074 
6073 
6072 
6071 
6070 
6069 
6068 
6067 
6066 
6064 
6063 
6062 
6061 
6060 
6058 
6057 
6056 
6053 
6052 
6051 
6050 
6049 
6048 
6046 
6045 
6042 
6039 
6038 
6037 
6036 
6035 
6034 
6033 
6031 
6030 
6028 
6026 
6024 
6022 
6020 
6019 
6018 
6017 
6016 
6015 
6014 
6013 
6007 
6005 
6003 
6002 
6025 
5999 
5997 
6791 
5995 
5993 
5992 
5990 
5989 
5988 
5987 
5986 
5985 
5984 
5983 
5982 
5981 
5978 
5970 
5971 
5967 
5966 
5965 
5964 
5962 
5961 
5960 
5959 
5958 
5952 
5949 
5946 
5945 
5944 
5943 
5942 
5941 
5940 
5939 
5938 
5937 
5935 
5934 
5930 
5927 
5924 
5923 
5921 
5920 
5919 
5917 
5916 
5915 
5914 
5913 
5911 
5910 
5909 
5908 
5907 
5903 
5899 
5896 
5895 
5892 
5890 
5889 
5888 
5885 
5884 
5883 
5878 
5877 
5876 
5875 
5874 
5873 
5868 
5866 
5864 
5862 
5861 
5859 
5857 
5856 
5855 
5854 
5853 
5852 
5846 
5842 
5841 
5840 
5836 
5834 
5833 
5823 
5821 
5820 
5816 
5815 
6871 
5813 
5810 
5808 
5805 
5803 
5797 
5796 
5794 
5789 
5788 
5787 
5786 
5785 
5783 
5781 
5774 
5771 
5770 
5769 
5768 
5766 
5767 
5765 
5764 
5763 
5761 
5755 
5752 
5751 
5750 
5749 
5748 
5747 
5746 
5744 
5741 
5735 
5733 
5731 
5730 
5729 
5722 
5720 
5718 
5717 
5712 
5711 
5710 
5708 
5707 
5704 
5703 
5702 
5698 
5696 
5695 
5692 
5691 
5690 
5689 
5688 
5687 
5686 
5685 
5682 
5678 
5679 
5676 
5675 
5674 
5670 
5669 
5668 
5667 
5666 
5662 
5661 
5660 
5659 
5658 
5657 
5656 
5653 
5652 
5649 
5648 
5647 
5646 
5645 
5644 
5636 
5633 
5629 
5628 
5627 
5625 
5622 
5617 
5616 
5615 
5613 
5612 
5611 
5610 
5609 
5608 
5607 
5606 
5604 
5603 
5602 
5601 
5600 
5599 
5598 
5595 
5594 
5591 
5590 
5589 
5587 
5583 
5581 
5580 
5579 
5578 
5577 
5576 
5573 
5572 
5571 
5567 
5566 
5565 
5562 
5561 
5558 
5555 
5554 
5553 
5552 
5551 
5550 
5549 
5548 
5544 
5542 
5541 
5540 
5537 
5536 
5535 
5534 
5532 
5531 
5530 
5528 
5526 
5525 
5523 
5522 
5521 
5520 
5519 
5518 
5517 
5516 
5515 
5512 
5510 
5508 
5507 
5505 
5504 
5501 
5497 
5496 
5495 
5494 
5491 
5490 
5489 
5488 
5486 
5485 
5483 
5480 
5478 
5477 
5476 
5475 
5474 
5473 
5472 
5468 
5462 
5461 
5460 
5456 
5455 
5448 
5447 
5446 
5440 
5438 
5436 
5435 
5431 
5429 
5428 
5427 
5424 
5422 
5419 
5418 
5416 
5413 
5414 
5410 
5405 
5401 
5400 
5399 
5398 
5397 
5396 
5395 
5391 
5390 
5386 
5385 
5382 
5381 
5380 
5377 
5376 
5374 
5373 
5372 
5371 
5370 
5367 
5366 
5365 
5361 
5360 
5358 
5357 
5356 
5355 
5353 
5352 
5348 
5347 
5346 
5345 
5344 
5343 
5342 
5339 
5337 
5336 
5334 
5333 
5332 
5330 
5329 
5328 
5324 
5322 
5320 
5317 
5316 
5315 
5314 
5313 
5300 
5299 
5294 
5291 
5290 
5287 
5286 
5284 
5283 
5282 
5281 
5280 
5278 
5277 
5276 
5275 
5269 
5265 
5264 
5261 
5252 
5251 
5250 
5249 
5248 
5247 
5244 
5243 
5242 
5241 
5238 
5232 
5230 
5229 
5228 
5227 
5225 
5224 
5221 
5220 
5219 
5218 
5217 
5216 
5214 
5213 
5209 
5207 
5203 
5202 
5201 
5198 
5197 
5196 
5195 
5194 
5193 
5192 
5191 
5190 
5187 
5186 
5185 
5184 
5183 
5181 
5180 
5177 
5175 
5174 
5173 
5172 
5171 
5167 
5166 
5164 
5163 
5161 
5160 
5159 
5158 
5154 
5153 
5152 
5151 
5150 
5143 
5142 
5139 
5138 
5136 
5135 
5129 
5128 
5127 
5126 
5125 
5124 
5122 
5119 
5118 
5117 
5116 
5114 
5112 
5111 
5110 
5109 
5105 
5104 
5102 
6681 
5099 
5098 
5097 
5095 
5093 
5091 
5090 
5089 
5088 
5087 
5086 
5085 
5084 
5081 
5080 
5078 
5077 
5071 
5070 
5069 
5068 
5067 
5065 
5063 
5062 
5060 
5059 
5057 
5054 
5053 
5052 
5051 
5050 
5048 
5047 
5046 
5040 
5039 
5038 
5036 
5035 
5032 
5031 
5029 
5024 
5019 
5018 
5017 
5016 
5015 
5013 
5011 
5010 
5009 
5008 
5006 
5005 
5003 
5001 
5000 
4996 
4995 
4989 
4988 
4985 
4982 
4979 
4978 
4976 
4975 
4974 
4973 
4972 
4971 
4970 
4969 
4967 
4965 
4963 
4960 
4957 
4952 
4951 
4950 
4948 
4947 
4945 
4943 
4937 
4936 
4935 
4933 
4932 
4931 
4927 
4926 
4925 
4924 
4923 
4922 
4921 
4920 
4919 
4918 
4917 
4916 
4915 
4914 
4913 
4912 
4911 
4910 
4909 
4908 
4906 
4905 
4904 
4903 
4901 
4900 
4898 
4897 
4894 
4893 
4891 
4890 
4889 
4885 
4883 
4882 
4881 
4874 
4873 
4872 
4871 
4870 
4869 
4868 
4867 
4864 
4863 
4862 
4861 
4860 
4859 
4858 
4857 
4856 
4855 
4854 
4853 
4852 
4851 
4850 
4849 
4848 
4847 
4845 
4844 
4843 
4842 
4841 
4840 
4839 
4838 
4837 
4836 
4835 
4834 
4833 
4832 
4830 
4829 
6856 
4826 
4825 
4823 
4821 
4819 
4818 
4817 
4816 
4813 
4810 
4807 
4806 
4805 
4804 
4803 
4801 
4800 
4799 
4794 
4793 
4790 
4789 
4788 
4787 
4785 
4782 
4774 
4773 
4771 
4767 
4766 
4765 
4763 
4762 
4761 
4760 
4759 
4757 
4756 
4755 
4754 
4753 
4752 
4751 
4750 
4749 
4746 
4745 
4744 
4743 
4742 
4741 
4740 
4739 
4738 
4737 
4736 
4733 
4727 
4726 
4725 
4723 
4721 
4720 
4718 
4716 
4714 
4711 
4710 
4708 
4707 
4705 
4704 
4703 
4702 
4701 
4700 
4699 
4698 
4697 
4696 
4695 
4694 
4693 
4692 
4688 
4686 
4683 
4682 
4681 
4675 
4674 
4673 
4672 
4671 
4670 
4669 
4668 
4667 
4665 
4664 
4663 
4660 
4659 
4655 
4652 
4651 
4649 
4647 
4644 
4641 
4640 
4638 
4636 
4635 
4633 
4630 
4629 
4627 
4626 
4624 
4623 
4622 
4619 
4618 
4617 
4616 
4615 
4612 
4611 
4609 
4608 
4607 
4603 
4602 
4601 
4599 
4598 
4597 
4596 
4595 
4594 
4593 
4592 
4591 
4586 
4582 
4581 
4577 
4576 
4575 
4569 
4568 
4567 
4566 
4565 
4564 
4563 
4560 
4556 
4555 
4554 
4553 
4545 
4543 
4542 
4544 
4540 
4541 
4538 
4535 
4533 
4532 
4526 
4524 
4523 
4516 
4511 
4509 
4508 
4504 
4503 
4502 
4498 
4497 
4496 
4495 
4494 
4493 
4492 
4491 
4490 
4489 
4487 
4486 
5726 
4479 
4478 
4477 
4476 
4475 
4474 
4473 
4470 
4469 
4467 
4465 
4464 
4462 
4461 
4460 
4459 
4458 
4457 
4456 
4455 
4539 
4454 
4452 
4451 
4450 
4449 
4447 
4446 
4445 
4444 
4443 
4442 
4440 
4439 
4438 
4437 
4436 
4434 
4433 
4431 
4430 
4429 
4428 
4427 
4426 
4425 
4423 
4418 
4416 
4415 
4414 
4409 
4408 
4407 
4406 
4405 
4404 
4399 
4398 
4397 
4396 
4395 
4394 
4393 
4383 
4382 
4381 
4380 
4379 
4378 
4377 
4375 
4372 
4371 
4370 
4369 
4368 
4366 
4364 
4363 
4362 
4360 
4358 
4357 
4354 
4353 
4352 
4348 
4347 
4346 
4345 
4344 
4343 
4342 
4340 
4337 
4336 
4334 
4333 
4329 
4328 
4327 
4326 
4325 
4324 
4322 
4321 
4320 
4319 
4318 
4317 
4316 
4314 
4313 
4312 
4308 
4307 
4306 
4305 
4304 
4296 
4295 
4292 
4291 
4285 
4284 
4283 
4282 
4280 
4279 
4278 
4277 
4275 
4274 
4273 
4267 
4260 
4259 
4257 
4255 
4252 
4251 
4250 
4249 
4248 
4246 
4245 
4244 
4243 
4242 
4241 
4240 
4238 
4236 
4232 
4229 
4228 
4225 
4224 
4223 
4222 
4221 
4217 
4215 
4214 
4213 
4210 
4209 
4208 
4207 
4206 
4205 
4204 
4203 
4202 
4200 
4198 
4197 
4195 
4194 
4192 
4190 
4187 
4186 
4185 
4184 
4180 
4178 
4177 
4176 
4174 
4170 
4169 
4167 
4168 
4166 
4165 
4164 
4163 
4159 
4155 
4154 
4153 
4152 
4151 
4150 
4149 
4148 
4147 
4146 
4145 
4144 
4143 
4142 
4141 
4140 
4139 
4137 
4136 
4135 
4133 
4132 
4131 
4130 
4129 
4128 
4237 
4126 
4125 
4123 
4122 
4121 
4120 
4119 
4116 
4109 
4108 
4107 
4106 
4105 
4104 
4100 
4097 
4096 
4095 
4093 
4092 
4091 
4090 
4089 
4085 
4083 
4082 
4080 
4079 
4077 
4076 
4075 
4074 
4073 
4070 
4069 
4067 
4066 
4064 
4063 
4062 
4061 
4059 
4057 
4056 
4053 
4050 
4048 
4046 
4045 
4521 
4042 
4039 
4038 
4036 
4035 
4034 
4028 
4027 
4026 
4025 
4023 
4020 
4019 
4016 
4015 
4010 
4008 
4007 
4006 
4005 
4001 
4000 
3998 
3997 
3995 
3992 
3991 
3990 
3989 
3987 
3986 
3985 
3984 
3983 
3982 
3981 
3979 
3978 
3977 
3968 
3966 
3965 
3964 
3963 
3961 
3960 
3959 
3957 
3955 
3954 
3953 
3952 
3948 
3947 
3945 
3944 
3943 
3941 
3936 
3935 
3932 
3931 
3930 
3929 
3928 
3927 
3925 
3924 
3923 
3920 
3918 
3917 
3916 
3909 
3907 
3906 
3905 
3904 
3902 
3901 
3900 
3896 
3895 
3894 
3891 
3890 
3889 
3886 
3883 
3882 
3881 
3878 
3877 
3876 
3872 
3870 
3869 
3865 
3864 
3863 
3862 
3858 
3855 
3851 
3850 
3848 
3845 
3844 
3841 
3840 
3839 
3837 
3836 
3834 
3833 
3829 
3827 
3824 
3823 
3821 
3819 
3817 
3815 
3814 
3810 
3805 
3802 
3801 
3799 
3798 
3795 
3794 
3791 
3788 
3786 
3784 
3783 
3782 
3781 
3780 
3779 
3777 
4413 
3775 
3774 
3771 
3767 
3766 
3765 
3764 
3763 
3762 
3761 
3760 
3759 
3758 
3757 
3754 
3753 
3751 
3750 
3749 
3747 
3746 
3744 
3743 
3742 
3735 
3733 
3731 
3730 
3729 
3728 
3727 
3725 
3723 
3722 
3719 
3718 
3715 
3714 
3712 
3711 
3709 
3707 
3706 
3705 
3704 
3703 
3702 
3700 
3698 
3697 
3696 
3695 
3694 
3693 
3692 
3690 
3689 
3688 
3687 
3686 
3685 
3684 
3683 
3682 
3679 
3678 
3677 
3676 
3675 
3674 
3673 
3668 
3667 
3666 
3665 
3663 
3662 
3659 
3658 
3657 
3656 
3655 
3654 
3653 
3652 
3651 
3649 
3648 
3647 
3642 
3641 
3640 
3639 
3638 
3637 
3636 
3633 
3632 
3630 
3628 
3625 
3624 
3622 
3621 
3620 
3619 
3618 
3613 
3611 
3610 
3606 
3605 
3604 
3603 
3602 
3601 
3600 
3599 
3598 
3597 
3596 
3595 
3594 
3593 
3590 
3591 
3589 
3585 
3584 
3583 
3582 
3581 
3579 
3578 
3708 
3577 
3571 
3569 
3566 
3565 
3564 
3563 
3561 
3560 
3558 
3553 
3552 
3551 
3550 
3545 
3544 
3543 
3542 
3540 
3539 
3536 
3535 
3532 
3531 
3530 
3528 
3527 
3526 
3525 
3524 
3523 
3522 
3521 
3519 
3518 
3515 
3514 
3513 
3512 
3511 
3510 
3509 
3508 
3504 
3500 
3499 
3497 
3496 
3495 
3494 
3493 
3492 
3491 
3490 
3488 
3487 
3482 
3481 
3478 
3477 
3475 
3472 
3471 
3470 
3469 
3468 
3467 
3466 
3462 
3457 
3451 
3450 
3449 
3448 
3445 
3444 
3441 
3440 
3438 
3437 
3436 
3434 
3427 
3426 
3425 
3424 
3423 
3422 
3418 
3416 
3412 
3411 
3407 
3406 
3405 
3403 
3402 
3401 
3400 
3399 
3398 
3397 
3396 
3395 
3392 
3391 
3390 
3389 
3388 
3386 
3385 
3384 
3383 
3382 
3380 
3379 
3378 
3377 
3375 
3374 
3373 
3370 
3369 
3368 
3367 
3366 
3362 
3361 
3360 
3359 
3358 
3357 
3356 
3355 
3354 
3353 
3350 
3349 
3345 
3344 
3343 
3342 
3341 
3340 
3339 
3335 
3333 
3332 
3331 
3326 
3325 
3323 
3322 
3318 
3317 
3316 
3315 
3314 
3312 
3311 
3306 
3305 
3304 
3303 
3302 
3300 
3299 
3298 
3296 
3294 
3292 
3290 
3288 
3282 
3281 
3280 
3279 
3278 
3277 
3275 
3273 
3272 
3270 
3269 
3268 
3267 
3264 
3263 
3262 
3261 
3259 
3257 
3252 
3250 
3249 
3248 
3247 
3246 
3244 
3245 
3242 
3241 
3240 
3239 
3234 
3233 
3232 
3231 
3230 
3229 
3228 
3227 
3226 
3225 
3224 
3223 
3222 
3221 
3220 
3219 
3218 
3217 
3216 
3215 
3214 
3213 
3212 
3211 
3210 
3209 
3208 
3207 
3206 
3204 
3203 
3202 
3199 
3198 
3197 
3196 
3194 
3195 
3190 
3189 
3188 
3187 
3186 
3185 
3184 
3183 
3182 
3181 
3176 
3175 
3174 
3172 
3169 
3168 
3167 
3166 
3165 
3163 
3162 
3160 
3159 
3158 
3156 
3154 
3153 
3152 
3151 
3149 
3147 
3146 
3143 
3142 
3137 
3135 
3134 
3133 
3132 
3131 
3129 
3128 
3127 
3701 
3124 
3123 
3120 
3119 
3118 
3115 
3113 
3112 
3111 
3110 
3108 
3107 
3102 
3101 
3098 
3097 
3096 
3095 
3094 
3093 
3091 
3090 
3088 
3087 
3086 
3085 
3083 
3081 
3078 
3077 
3076 
3075 
3074 
3072 
3071 
3070 
3066 
3063 
3062 
3061 
3060 
3057 
3055 
3054 
3053 
3052 
3051 
3049 
3048 
3047 
3046 
3044 
3043 
3042 
3041 
3040 
3039 
3038 
3037 
3035 
3032 
3031 
3025 
3022 
3019 
3017 
3016 
3013 
3012 
3011 
3008 
3006 
3004 
3003 
3001 
2998 
2995 
2994 
2992 
2989 
2988 
2987 
2986 
2985 
2983 
2982 
2980 
2978 
2976 
2975 
2971 
2970 
2969 
2967 
4086 
2965 
2964 
2962 
2961 
2960 
2957 
2954 
2953 
2952 
2950 
2949 
2948 
2947 
2945 
2944 
2941 
2939 
2938 
2936 
2935 
2933 
2931 
2930 
2929 
2924 
2921 
2919 
2916 
2913 
2908 
2907 
2906 
2905 
2904 
2903 
2901 
2899 
2898 
2896 
2895 
2894 
2893 
2892 
2891 
2890 
2889 
2888 
2887 
2886 
2885 
2884 
2883 
2882 
2881 
2879 
2876 
2875 
2872 
2870 
2869 
2868 
2867 
2866 
2865 
2864 
2863 
2862 
2861 
2860 
2858 
2857 
2855 
2853 
2852 
2850 
2849 
2848 
2847 
2846 
2845 
2842 
3617 
2841 
2840 
2839 
2835 
2833 
2832 
4264 
2827 
2826 
2824 
2823 
2817 
2813 
2808 
2807 
2804 
2803 
2802 
2796 
2793 
2792 
2791 
2789 
2788 
2786 
2784 
2783 
2782 
2780 
2779 
2778 
2776 
2773 
2772 
2771 
2769 
2767 
2766 
2762 
2761 
2759 
2758 
2757 
2755 
2753 
2752 
2749 
2748 
2744 
2741 
2740 
2739 
2738 
2737 
2734 
2733 
2731 
2730 
2729 
2728 
2725 
2723 
2722 
2719 
2718 
2717 
2716 
2715 
2711 
2709 
2706 
2705 
2704 
2703 
2702 
2701 
2699 
2698 
2695 
2694 
2692 
2691 
2690 
2688 
2684 
2683 
2682 
2680 
2677 
2676 
2675 
2673 
2671 
2668 
2664 
2663 
2661 
2659 
2656 
2649 
2648 
2644 
2642 
2641 
2640 
2639 
2637 
2636 
2635 
2634 
2633 
2632 
2631 
2630 
2628 
2627 
2626 
2624 
2621 
2616 
2615 
2614 
2613 
2611 
2610 
2609 
2608 
2606 
2603 
2598 
2596 
2586 
2584 
2583 
2582 
2581 
2578 
2577 
2574 
2573 
2572 
2569 
2568 
2567 
2566 
2564 
2563 
2562 
2561 
2559 
2558 
2557 
2556 
2555 
2551 
2549 
2548 
2546 
2545 
2543 
2541 
2540 
2538 
2537 
2536 
2534 
2531 
2530 
2529 
2528 
2527 
2526 
2524 
2523 
2522 
2521 
2520 
2519 
2518 
2515 
2514 
2513 
2512 
2509 
2505 
2503 
2502 
2500 
2498 
2497 
2496 
2495 
2494 
2493 
2492 
2491 
2489 
2488 
2487 
2482 
2481 
2480 
2478 
2477 
2476 
2473 
2472 
2471 
2469 
2467 
2466 
2465 
2464 
2463 
2462 
2461 
2460 
2459 
2458 
2457 
2455 
2454 
2453 
2452 
2451 
2450 
2449 
2448 
2447 
2446 
2445 
2444 
2443 
2442 
2441 
2439 
2438 
2437 
2434 
2429 
2428 
2427 
2424 
2419 
2418 
2417 
2415 
2414 
2413 
2412 
2407 
2406 
2405 
2404 
2403 
2402 
2401 
2399 
2396 
2395 
2394 
2393 
2392 
2391 
2390 
2389 
2388 
2387 
2382 
2380 
2379 
2374 
2373 
2372 
2370 
2368 
2367 
2365 
2363 
2361 
2360 
2359 
2357 
2355 
2353 
2352 
2351 
2349 
2346 
2344 
2343 
2337 
2336 
2335 
2334 
2331 
2330 
2321 
2320 
2319 
2318 
2317 
2316 
2315 
2314 
2313 
2312 
2311 
2310 
2309 
2308 
2306 
2304 
2305 
2302 
2301 
2300 
2299 
2298 
2296 
2295 
2293 
2292 
2291 
2288 
2287 
2286 
2283 
2282 
2280 
2278 
2274 
2272 
2270 
2269 
2268 
2267 
2266 
2265 
2262 
2261 
2260 
2259 
2255 
2254 
2250 
2249 
2243 
2239 
2238 
2236 
2235 
2232 
2230 
2228 
2227 
2226 
2224 
2222 
2221 
2219 
2218 
2217 
2216 
2215 
2214 
2213 
2212 
2204 
2203 
2201 
2200 
2199 
2198 
2197 
2196 
2194 
2192 
2191 
2190 
2189 
2188 
2187 
2186 
2184 
2183 
2180 
2179 
2177 
2176 
2175 
2173 
2172 
2171 
2170 
2169 
2167 
2164 
2161 
2159 
2156 
2155 
2153 
2152 
2150 
2149 
2148 
2147 
2146 
2143 
2142 
2141 
2139 
2138 
2136 
2132 
2131 
2130 
2127 
2126 
2125 
2118 
2115 
2113 
2420 
2111 
2110 
2108 
2105 
2104 
2103 
2100 
2099 
2096 
2094 
2093 
2090 
2089 
2088 
2087 
2086 
2084 
2082 
2081 
2077 
2070 
2068 
2067 
2065 
2064 
2063 
2061 
2059 
2058 
2057 
2056 
2054 
2052 
2051 
2050 
2049 
2047 
2045 
2044 
2042 
2041 
2040 
2038 
2037 
2036 
2035 
2034 
2033 
2032 
2031 
2030 
2029 
2028 
2027 
2026 
2025 
2024 
2023 
2021 
2020 
2019 
2018 
2017 
2015 
2013 
2012 
2011 
2010 
2009 
2008 
2005 
2003 
2002 
2000 
1996 
1995 
1994 
1993 
1989 
1988 
1986 
1981 
1980 
1978 
1976 
1975 
1968 
1967 
1962 
1960 
1959 
1958 
1952 
1951 
1948 
1947 
1946 
1945 
1944 
1943 
1941 
1940 
1939 
1938 
1937 
1934 
1933 
1932 
1931 
1930 
1929 
1928 
1926 
1925 
1924 
1923 
1922 
1921 
1917 
1916 
1914 
1913 
1912 
1911 
1909 
1907 
1906 
1905 
1902 
1900 
1899 
1897 
1896 
1895 
1894 
1892 
1891 
1890 
1889 
1887 
1886 
1885 
1883 
1882 
1881 
1879 
1876 
1875 
1874 
1873 
1872 
1871 
1870 
1869 
1868 
1867 
1866 
1863 
1862 
1860 
1856 
1853 
1852 
1846 
1845 
1844 
1841 
1840 
1839 
1838 
1834 
1832 
1831 
1830 
1829 
1828 
1827 
1826 
1825 
1822 
1821 
1820 
1813 
1812 
1810 
1809 
1807 
1806 
1804 
1803 
1800 
1797 
1796 
1795 
1794 
1790 
1789 
1785 
1784 
1782 
1778 
1775 
1773 
1767 
2678 
1766 
1765 
1764 
1763 
1762 
1761 
1760 
1759 
1756 
1755 
1753 
1751 
1748 
1745 
1743 
1742 
1741 
1740 
1739 
1738 
1737 
1736 
1735 
1731 
1728 
1725 
1724 
1722 
1721 
1720 
1719 
1715 
1713 
1712 
1711 
1710 
1709 
1708 
1704 
1703 
1699 
1698 
1696 
1695 
1694 
1693 
1691 
1690 
1686 
1685 
1684 
1683 
1682 
1681 
1677 
1676 
1675 
1674 
1671 
1670 
1668 
1667 
1666 
1665 
1663 
1660 
1659 
1656 
1655 
1651 
1650 
1647 
1645 
1644 
1643 
1642 
1639 
1635 
1634 
1632 
1631 
1630 
1627 
1626 
1625 
1623 
1620 
1617 
1616 
1615 
1614 
1611 
1609 
1607 
1606 
1605 
1602 
1601 
1599 
1594 
1591 
1590 
1589 
1588 
1584 
1582 
1579 
1578 
1576 
1575 
1574 
1572 
1570 
1568 
1561 
1560 
1559 
1558 
1554 
1553 
1552 
1551 
1546 
1545 
1543 
1541 
1540 
1539 
1536 
1535 
1530 
1529 
1528 
1527 
1526 
1523 
1522 
1519 
1517 
1516 
1515 
1512 
1511 
1509 
1505 
1504 
1503 
1502 
1500 
1499 
1495 
1494 
1488 
1483 
1481 
1480 
1474 
1470 
1469 
1467 
1466 
1463 
1462 
1461 
1460 
1459 
1458 
1457 
1456 
1455 
1454 
1452 
1451 
1450 
1449 
1448 
1447 
1445 
1443 
1440 
1438 
1436 
1434 
1433 
1431 
1430 
1429 
1427 
1426 
1424 
1423 
1422 
1421 
1410 
1409 
1408 
1406 
1405 
1404 
1401 
1400 
1399 
1398 
1397 
1395 
1392 
1391 
1388 
1387 
1386 
1383 
1381 
1380 
1379 
1376 
1373 
1370 
1369 
1368 
1367 
1366 
1365 
1362 
1361 
1359 
1358 
1356 
1355 
1354 
1351 
1350 
1349 
1346 
1345 
1344 
1343 
1342 
1341 
1340 
1339 
1338 
1337 
1336 
1335 
1334 
1333 
1332 
1331 
1329 
1328 
1327 
1325 
1324 
1320 
1318 
1317 
1316 
1314 
1313 
1312 
1311 
1309 
1308 
1306 
1304 
1303 
1302 
1301 
1299 
1298 
1295 
1294 
1293 
1292 
1290 
1281 
1280 
1278 
1276 
1275 
1274 
1273 
1272 
1271 
1269 
1268 
1264 
1262 
1258 
1257 
1256 
1255 
1254 
1252 
1246 
1245 
1244 
1242 
1238 
1237 
1235 
1233 
1231 
1229 
1228 
1227 
1226 
1225 
1224 
1223 
1219 
1216 
1215 
1214 
1213 
1212 
1210 
1209 
1208 
1207 
1206 
1205 
1204 
1202 
1198 
1197 
1195 
1194 
1189 
1188 
1187 
1184 
1183 
1182 
1181 
1180 
1179 
1178 
1177 
1176 
1175 
1174 
1173 
1172 
1171 
1170 
1169 
1161 
1158 
1155 
1150 
1148 
1147 
1146 
1145 
1143 
1142 
1139 
1138 
1135 
1664 
1134 
1133 
1132 
1130 
1129 
1126 
1120 
1115 
1113 
1112 
1110 
1109 
1108 
1107 
1106 
1105 
1104 
1102 
1101 
1099 
1098 
1096 
1095 
1094 
1093 
1090 
1089 
1088 
1087 
1086 
1085 
1084 
1083 
1082 
1081 
1079 
1078 
1072 
1071 
1070 
1068 
1067 
1066 
1065 
1064 
1063 
1059 
1058 
1052 
1051 
1050 
1048 
1047 
1046 
1045 
1042 
1041 
1040 
1037 
1033 
1028 
1027 
1025 
1021 
1019 
1017 
1016 
1013 
1011 
1010 
1009 
1008 
1005 
1004 
1003 
1002 
1001 
998 
996 
992 
990 
988 
987 
986 
984 
980 
976 
973 
970 
969 
965 
964 
962 
961 
957 
954 
951 
950 
949 
944 
940 
933 
931 
927 
926 
924 
923 
921 
920 
919 
917 
916 
915 
914 
912 
911 
910 
909 
905 
902 
900 
899 
898 
892 
891 
890 
889 
888 
886 
883 
880 
879 
877 
876 
874 
872 
870 
869 
867 
865 
862 
860 
855 
854 
852 
851 
850 
848 
847 
845 
843 
842 
841 
835 
832 
831 
830 
824 
821 
819 
818 
816 
815 
814 
812 
811 
808 
807 
804 
801 
800 
799 
796 
792 
788 
787 
786 
785 
783 
782 
781 
780 
776 
775 
774 
773 
772 
770 
768 
767 
766 
1971 
759 
758 
755 
754 
753 
752 
751 
745 
738 
736 
735 
734 
732 
731 
729 
728 
727 
726 
724 
721 
720 
718 
716 
713 
712 
711 
709 
708 
703 
701 
699 
698 
695 
693 
692 
690 
689 
688 
683 
679 
678 
676 
672 
669 
666 
662 
661 
655 
654 
653 
652 
651 
649 
648 
646 
642 
641 
640 
639 
638 
635 
634 
632 
625 
621 
620 
615 
614 
612 
610 
605 
602 
599 
598 
597 
596 
595 
594 
593 
591 
588 
585 
583 
582 
580 
578 
577 
576 
574 
573 
572 
571 
570 
569 
568 
563 
562 
561 
558 
557 
556 
555 
554 
553 
552 
551 
550 
548 
547 
546 
544 
543 
542 
541 
540 
539 
536 
534 
532 
531 
530 
529 
528 
527 
523 
522 
521 
520 
519 
516 
513 
511 
509 
507 
504 
502 
501 
499 
498 
497 
495 
494 
493 
492 
490 
489 
486 
481 
480 
479 
476 
473 
472 
469 
468 
467 
463 
462 
461 
460 
458 
457 
7957 
7034 
5631 
456 
455 
454 
453 
451 
450 
449 
448 
446 
445 
444 
443 
441 
438 
437 
436 
434 
430 
426 
424 
423 
418 
416 
414 
413 
412 
411 
410 
409 
408 
404 
401 
400 
399 
398 
397 
395 
6904 
393 
388 
387 
386 
384 
383 
382 
381 
376 
375 
374 
369 
367 
366 
365 
364 
357 
355 
353 
352 
351 
347 
345 
344 
343 
342 
340 
337 
336 
335 
333 
331 
330 
329 
328 
327 
326 
323 
320 
318 
316 
315 
312 
309 
307 
305 
303 
297 
296 
295 
294 
293 
292 
291 
289 
288 
287 
284 
283 
277 
276 
275 
270 
269 
268 
267 
266 
265 
264 
263 
260 
256 
254 
253 
251 
249 
248 
247 
245 
244 
242 
241 
240 
239 
238 
237 
235 
234 
233 
231 
225 
223 
221 
218 
217 
215 
213 
212 
211 
210 
209 
208 
207 
206 
205 
203 
202 
201 
200 
199 
198 
197 
196 
195 
194 
193 
191 
190 
189 
188 
187 
185 
181 
180 
179 
177 
176 
174 
173 
172 
169 
166 
165 
164 
162 
161 
160 
159 
158 
157 
156 
149 
146 
145 
143 
142 
141 
139 
138 
137 
136 
134 
133 
129 
128 
126 
125 
124 
123 
122 
121 
120 
119 
118 
117 
116 
115 
114 
113 
112 
111 
110 
109 
107 
106 
104 
103 
5503 
102 
101 
100 
99 
98 
96 
92 
91 
90 
88 
87 
85 
84 
83 
82 
81 
79 
78 
77 
76 
74 
73 
71 
68 
4896 
67 
66 
65 
63 
62 
2092 
60 
59 
58 
57 
53 
4389 
52 
51 
48 
47 
1300 
46 
45 
44 
43 
42 
41 
40 
37 
31 
27 
26 
419 
25 
24 
22 
21 
20 
18 
17 
16 
14 
13 
12 
11 
8286 
9 
7 
5 
4 
3 6 8 10 29 23 15 36 55 19 28 54 33 35 39 34 140 282 72 178 127 94 75 38 80 151 89 155 2565 306 154 50 86 130 182 152 56 132 257 236 339 261 258 273 259 255 135 324 310 147 319 406 192 407 224 592 150 564 226 417 308 280 425 403 346 704 304 311 317 371 567 584 432 171 230 710 341 545 647 600 232 325 348 222 1166 663 168 636 604 633 290 313 643 722 742 637 405 415 228 769 356 350 447 789 706 645 725 697 707 626 579 590 763 285 1137 813 805 686 823 705 784 871 826 825 856 1097 904 838 730 749 49 440 560 559 820 427 1127 937 691 762 644 439 204 659 737 947 764 956 971 321 216 601 795 794 587 696 896 1000 918 334 715 618 717 1167 943 1062 941 861 1006 1029 810 1125 844 946 993 836 1151 733 586 650 674 853 935 1267 928 1055 1022 791 1221 1114 978 798 797 664 658 1185 1279 1024 2120 1200 922 1111 667 665 932 1075 1259 994 1074 1990 1374 1247 1549 1031 1124 1352 1357 1032 1492 859 1193 981 985 882 959 907 1034 960 1236 1248 1297 908 1164 1230 1286 163 1211 1103 1319 1201 1023 1160 1243 1585 1039 1038 1284 1378 1285 1707 1487 1442 1446 1444 1428 1234 1241 982 1260 1305 363 302 362 301 1661 1377 1291 1203 1419 948 1471 1468 1501 1253 1441 1510 1571 1496 1190 1035 1296 1315 822 1566 1608 1473 1353 1542 1583 1489 1506 1525 1128 1420 803 1390 1061 1919 975 1997 1521 1621 1482 1538 1439 1326 1497 227 897 863 887 1394 1393 1811 719 723 1628 1757 1772 1407 1537 1808 1697 1432 1555 1610 1613 1888 1701 771 1622 1564 1384 968 1547 2072 1730 1732 1749 1565 1705 1706 1966 1688 2237 974 1783 2001 1814 1991 2062 873 2163 1507 1717 1043 1823 1972 2135 2014 1729 1550 1596 2102 1769 2326 2398 761 1792 1592 1835 1603 1604 2085 2133 2231 1985 1700 1918 1734 2114 1044 1049 429 1465 2069 2117 1754 1837 2371 2016 2411 1382 2109 1416 2160 2174 2168 2240 1977 1678 2116 2234 2206 2653 2144 2129 2229 2474 2225 2256 1816 1168 1733 2258 2145 2071 837 840 2276 2369 2323 1385 2290 2289 2322 2083 2328 913 1165 1159 2576 1799 2410 1282 1781 2507 2667 2257 2440 2297 1658 1915 2560 2485 1964 2338 2209 2547 2223 4632 2658 2506 2651 2251 2233 2550 1360 2660 2364 2504 1714 1992 2128 2241 2435 2433 2264 2542 2508 465 2594 2332 2376 5179 2940 3381 3084 2210 2091 2246 2285 2178 1847 2510 2618 2620 2605 2516 2381 2535 2324 2623 2674 2252 1984 2790 2585 2307 1857 2654 1833 684 682 1961 3028 2384 2700 2686 2799 2768 1646 2617 2587 2646 2925 3459 1982 1612 2619 2294 2593 2340 1955 2746 2595 2871 2775 2655 2713 2696 2972 2831 2693 2657 1100 2747 3010 2689 3092 3026 2475 2181 2697 2909 3352 30 1935 2193 1836 1080 2095 2281 2822 2999 2838 3912 3276 2416 2592 3447 3274 3015 2851 3607 2456 2912 2612 2375 2918 2923 3024 1744 1746 3000 4536 2819 2765 3009 2599 3056 3036 3439 2645 2724 2859 3033 2707 3018 3144 3394 2932 2356 3020 3256 3258 3192 2134 2900 3291 2958 2727 3404 3301 1012 2097 3458 3456 967 4040 3109 3452 1747 1716 3453 3455 3454 2968 3346 1196 1144 885 3724 3034 3073 3461 3643 2277 3191 3787 2760 2951 3568 2544 3541 3480 2774 3027 3029 2815 3463 3631 3479 4441 3586 3498 3297 5079 3443 1859 1261 1855 1927 1908 1858 3145 2597 3417 3321 2325 3021 3125 1687 3615 2991 2993 3200 3556 3284 3614 3919 4574 3634 3483 3785 3969 3691 3796 3748 3059 3854 3660 3635 4099 3150 3958 3843 3949 4044 3835 3806 4507 4748 4355 4041 4276 5176 4527 4557 3962 3752 3393 4550 4653 4138 3813 1680 4013 4065 5022 3587 3910 2981 2974 3173 3567 3646 3812 3180 3661 3971 3956 4219 3007 3842 4717 3792 3976 4127 4448 4068 5020 4468 5155 4483 4071 3238 1498 4488 4764 4828 2552 5189 4600 4338 4709 3106 5140 4899 4824 4687 3538 4266 3148 4098 1375 4310 4712 3873 4587 4212 3433 4866 3803 5002 4191 2342 3334 3348 2687 4072 2787 4981 4162 3645 3557 4531 4261 4211 5262 4964 4315 2811 4124 3562 3005 3720 3313 3973 4078 613 349 4993 4814 4992 5773 4795 4297 4111 4966 5802 5188 4604 5103 4432 5200 5199 4994 5301 3465 5121 4335 1018 1520 2511 5543 4980 5289 3460 4547 4661 3922 5263 5182 5123 3002 2708 4662 5037 5452 4938 5285 4298 3309 4189 4846 5312 5404 4269 5524 4792 2914 5439 5582 3770 5671 5028 4781 5484 5321 1524 4715 5423 2785 1322 5295 5655 5800 5596 5697 5457 5804 5714 5254 1548 4796 3830 5430 5233 4175 5684 5061 5445 4263 5482 4666 1865 6596 5246 5928 5437 5932 5814 5809 5624 5818 5811 5178 4534 5630 5819 5822 5738 6221 6156 5584 5807 4798 4103 5626 5799 5709 5817 5801 6305 6270 5775 5772 6327 5806 3320 4879 6907 5872 5739 5824 6170 6299 5760 5812 5378 5432 6323 6006 5998 5776 5721 6560 3310 6043 6218 5757 6023 6360 6272 5871 5839 6243 6032 6624 6790 6198 6772 6555 6241 7052 6552 6714 5980 6229 6094 6227 5106 4055 6913 5827 6344 6501 6447 6993 6421 6774 6523 7047 6311 7120 6934 6784 2834 4934 6618 6151 7280 7092 5306 5620 5969 4422 3293 5614 7449 6789 6280 7225 6320 6914 4110 657 2770 1154 628 624 5487 6414 608 6097 6976 7295 7088 6613 5012 6945 6458 6712 7054 6918 7301 6570 6994 6917 7378 6946 4361 5454 5479 5222 5639 6634 3809 5226 4037 4482 4884 6665 7238 5096 7021 5273 6736 6951 7012 7279 5215 6595 7666 7647 7490 7675 7910 7131 6924 7882 5563 4485 3103 4625 5296 3897 4530 5680 5829 6783 5323 5255 5798 6123 7063 6422 7386 7233 7237 7391 7588 7701 7648 7928 5162 3871 8204 6770 4435 7835 7691 7400 7262 6611 7443 6875 5922 7810 5529 6004 5950 6780 7649 6474 7520 7634 7833 8050 8271 7362 7005 6855 3576 7544 7791 8051 8021 7862 4983 7860 5605 4401 8227 6347 5466 3885 7110 5897 7351 7062 7050 7924 8042 7407 7874 7393 7493 7277 7517 7593 7618 7695 6938 6755 7023 6001 6809 7726 6334 6330 6442 6592 6491 6923 7341 6462 6000 6503 6424 5972 6174 4331 5072 5753 7365 5499 5651 5936 6759 4786 4791 5933 5341 6813 6047 5415 5421 6044 4706 6833 4777 5500 5902 4588 4689 5527 5267 5511 5623 5705 3554 6262 4290 4351 4471 6765 4827 1310 2517 4977 5569 4220 4400 5384 5387 5640 4929 3409 7387 4944 4233 4199 4500 4234 5043 4231 4009 3800 3911 3089 668 1848 2242 2856 4654 5064 6709 3629 4201 3804 3898 4024 4986 3555 3435 827 2647 3832 3664 3726 3717 3171 3999 2672 2764 2880 2844 3681 7389 8263 7642 3260 2378 2665 2366 2662 2830 3980 4134 2721 3338 4412 2570 2119 3271 1965 2917 1805 1534 1641 1638 1637 1619 1587 1849 1472 999 1141 1662 575 1689 2354 2736 2121 1199 1403 7222 1232 1239 2053 1156 1157 1493 895 1979 903 1060 802 760 677 105 488 606 673 338 153 93 32 565 616 243 549 246 175 3255 95 108 64 
6965 
167 
4561 
477 
6691 
378 
617 
8285 
8282 
274 
219 
1077 
252 
694 
390 
358 
396 
392 
300 
377 
389 
359 
5469 
779 
631 
581 
421 
942 
433 
431 
422 
1240 
8284 
3205 
700 
566 
622 
611 
607 
379 
681 
675 
670 
934 
748 
4886 
3908 
3105 
1970 
991 
983 
8288 
881 
866 
878 
864 
1435 
7672 
1020 
756 
5665 
1287 
4580 
945 
979 
955 
1152 
1950 
8289 
1533 
1418 
1131 
1092 
1030 
3138 
1270 
1220 
1192 
2843 
1595 
1485 
1486 
1277 
1478 
1580 
1402 
1569 
1652 
2679 
2798 
1597 
1557 
1618 
1884 
1636 
1581 
1556 
1532 
2007 
1768 
1657 
1600 
2423 
2112 
5253 
2425 
2055 
1983 
1798 
1791 
1758 
1802 
1861 
1672 
1649 
1920 
2244 
2101 
1901 
1880 
3237 
2202 
2165 
6055 
1770 
1771 
1692 
1518 
1425 
1793 
1321 
2362 
2818 
2670 
2650 
3875 
8175 
3429 
3136 
2400 
2137 
2106 
2685 
8290 
6106 
7658 
3713 
5274 
7735 
6756 
3669 
2638 
2484 
3825 
2397 
3592 
8291 
3080 
2801 
2828 
2805 
5882 
3745 
3737 
3082 
2809 
2751 
6279 
5533 
8292 
5470 
2922 
3266 
3363 
3068 
3050 
2990 
2966 
3609 
3549 
3772 
6621 
3856 
3811 
5931 
4235 
6475 
5442 
4783 
3974 
3880 
3547 
7292 
4876 
6826 
6054 
4880 
3623 
3410 
3822 
3797 
6680 
6840 
3671 
3486 
3446 
6307 
4188 
4058 
4012 
6997 
6257 
6130 
5388 
5303 
4954 
4684 
4558 
4942 
4171 
3939 
4049 
3942 
3893 
3888 
3849 
6778 
5310 
5145 
5133 
5362 
4403 
4265 
5434 
4173 
4117 
4311 
4303 
4272 
3807 
5673 
3921 
3616 
5740 
5368 
7909 
4621 
4088 
4051 
3933 
3867 
7881 
7636 
4822 
5375 
7042 
4481 
6721 
5350 
8038 
6376 
5955 
4584 
4031 
5075 
4815 
4808 
4658 
4991 
4831 
4809 
4728 
4678 
4677 
4650 
4639 
4583 
4562 
4552 
4047 
4332 
4323 
7708 
3520 
3376 
3253 
3164 
3155 
4411 
2720 
2629 
2607 
2604 
2591 
2579 
6225 
6107 
5706 
5115 
4946 
4648 
5033 
6083 
5364 
4987 
4776 
5271 
5026 
4529 
4181 
4216 
4480 
4466 
6041 
5663 
5635 
5354 
5309 
5208 
5146 
5141 
5784 
5058 
6858 
4620 
4613 
5880 
5832 
7297 
6769 
6109 
6010 
5790 
6682 
6532 
5860 
5650 
6088 
5539 
5308 
8296 
6111 
5837 
5756 
5754 
5737 
5693 
6278 
6164 
5588 
5559 
5514 
5513 
5509 
5506 
5481 
5471 
5463 
5426 
5351 
5327 
5326 
5732 
5132 
6027 
6110 
5977 
6987 
5838 
6096 
6080 
6021 
5792 
5780 
5637 
8068 
7162 
6982 
6950 
7439 
6568 
7690 
6251 
5926 
5830 
6162 
8148 
7819 
7436 
7060 
6967 
6777 
6686 
6663 
6589 
6553 
6400 
7506 
7734 
7653 
7986 
7273 
6590 
6340 
6302 
6269 
6235 
6226 
6149 
6105 
6409 
7204 
6661 
5956 
6707 
6529 
6427 
6641 
6723 
6685 
6668 
6543 
6078 
6059 
5991 
5850 
7799 
7765 
8025 
8007 
7318 
7243 
6920 
7304 
7257 
6942 
6806 
6464 
6337 
8058 
6632 
6435 
6261 
7534 
7323 
7319 
7246 
7215 
7040 
6805 
6724 
6948 
6511 
6720 
6437 
6432 
6328 
6566 
6530 
7185 
7149 
7168 
6890 
7073 
7359 
7254 
7290 
7289 
7250 
7161 
8297 
6700 
6628 
8149 
7857 
7434 
7590 
7440 
6594 
6498 
7146 
7144 
7143 
6953 
7491 
7478 
7423 
7422 
7373 
7315 
7533 
7074 
7740 
7508 
7840 
8277 
8276 
8275 
8235 
8225 
8139 
8134 
8132 
8037 
8033 
7996 
7994 
7991 
7512 
7497 
7186 
7119 
7673 
7583 
7561 
7557 
7316 
7899 
8141 
7442 
8079 
8044 
8186 
8169 
8168 
8163 
8130 
8128 
8121 
8090 
8083 
8073 
8002 
7952 
7946 
7913 
7871 
7855 
7778 
7730 
7707 
7694 
7688 
7652 
7651 
7668 
7662 
7646 
7574 
8212 
8209 
8122 
8019 
7992 
7965 
7921 
7683 
7604 
8224 
7529 
7498 
7450 
7094 
7059 
6955 
6901 
6892 
6873 
6860 
6850 
6788 
7510 
8198 
8124 
8249 
8246 
8237 
8219 
7908 
7803 
7795 
7381 
6930 
6505 
6472 
5592 
5335 
6980 
7397 
7669 
8226 
7788 
7763 
7757 
6933 
8028 
7624 
7116 
7108 
6699 
6725 
5406 
7632 
7587 
7553 
7414 
6737 
6739 
6983 
6762 
7567 
6897 
6803 
6869 
7214 
6670 
6606 
7979 
7912 
6496 
6571 
6567 
6388 
6321 
6715 
6306 
5643 
5887 
6417 
6407 
7961 
7809 
6481 
4218 
5638 
5835 
4887 
6124 
7879 
6576 
5745 
5564 
6246 
6166 
6161 
5994 
5683 
5570 
7927 
7813 
6979 
6554 
6528 
5782 
5778 
5713 
6098 
7306 
6029 
7890 
7699 
6009 
5973 
7620 
5891 
5886 
5844 
5694 
6599 
6296 
6832 
6148 
4631 
5130 
5044 
2345 
5545 
6441 
5417 
5144 
5120 
5100 
5467 
6255 
8295 
5245 
5148 
7839 
5925 
5664 
5465 
5393 
5392 
5363 
5311 
5260 
5240 
5231 
4645 
4646 
5298 
5239 
5305 
4778 
5963 
5459 
5863 
5848 
5743 
5568 
4811 
4578 
8192 
8174 
8043 
8024 
5210 
5083 
4953 
4820 
4780 
4386 
4385 
4453 
4417 
4254 
4014 
6600 
4424 
4719 
4528 
4299 
5073 
4940 
5449 
5045 
2386 
4713 
7201 
5288 
5947 
4779 
5828 
5092 
7115 
7101 
4962 
4797 
4365 
4359 
4289 
4043 
3937 
3926 
3769 
3680 
3847 
3650 
2499 
4341 
4349 
4402 
4551 
4463 
4247 
5204 
3808 
8178 
2979 
2956 
2946 
2926 
4373 
3892 
4384 
4999 
3285 
3967 
3816 
8294 
4183 
4030 
3670 
3516 
3506 
3489 
3114 
3235 
8293 
3193 
2589 
1191 
5412 
4179 
3243 
3126 
4735 
3464 
3537 
3408 
3099 
2821 
3014 
3104 
2955 
2928 
3117 
4605 
3914 
3903 
4021 
3580 
3529 
4510 
3265 
3030 
2963 
3970 
3023 
2794 
2910 
2973 
2825 
2781 
2877 
2273 
2205 
2977 
2076 
2073 
2060 
3140 
3201 
3548 
3324 
3319 
3307 
2754 
2777 
2490 
3755 
2902 
2797 
2501 
2580 
2426 
2348 
2329 
2385 
2643 
2350 
3946 
4011 
3887 
2763 
2669 
3351 
2652 
2422 
2253 
2157 
2004 
1987 
1969 
1752 
2996 
2470 
2079 
2479 
1653 
2814 
1654 
2211 
1973 
2341 
1222 
1007 
995 
1788 
1679 
2182 
2185 
3251 
1903 
1777 
1250 
2575 
1956 
2333 
1893 
938 
1669 
1629 
2625 
2195 
1723 
1726 
1411 
1573 
1563 
1490 
1787 
1780 
1774 
3371 
1476 
1140 
1864 
1464 
1372 
1330 
1531 
2339 
1648 
1633 
1953 
1389 
1413 
1718 
1593 
963 
4875 
3473 
966 
1323 
3130 
2409 
525 
524 
1513 
1266 
1396 
1842 
1186 
972 
930 
1123 
1053 
875 
5055 
744 
936 
2066 
2571 
2247 
1218 
1963 
1819 
1514 
1014 
958 
929 
906 
849 
868 
793 
743 
687 
857 
765 
778 
741 
893 
1437 
538 
1026 
829 
506 
314 
977 
609 
1453 
1307 
514 
2151 
1484 
989 
839 
435 
428 
806 
750 
322 
746 
739 
656 
394 
619 
627 
286 
332 
589 
4256 
714 
817 
8283 
372 
8287 
515 
391 
3776 
373 
402 
144 
298 
5793 
271 
250 
183 
517 
368 
370 
61 
1412 
299 
214 
