995 
992 
982 
979 
944 
943 
941 
901 
879 
875 
863 
858 
846 
808 
802 
798 
790 
788 
773 
772 
755 
750 
746 
744 
732 
731 
711 
703 
691 
684 
675 
670 
660 
658 
653 
648 
634 
633 
580 
524 
0 17 74 73 331 19 12 14 280 231 232 133 18 167 41 42 147 146 52 185 353 354 100 97 98 102 2 4 62 115 169 251 40 23 160 113 114 155 154 87 145 144 492 162 84 82 83 282 183 129 127 318 245 263 417 423 455 437 135 336 116 338 123 122 191 157 156 180 214 483 464 340 482 134 521 554 553 598 86 20 92 22 21 72 259 260 400 215 341 297 49 71 70 288 252 175 174 137 254 651 420 29 438 35 13 90 375 80 81 184 190 108 329 328 474 258 469 91 64 229 31 36 30 37 27 165 166 404 422 105 249 106 189 188 222 309 316 379 295 61 60 393 150 250 103 377 376 397 53 5 6 327 416 173 518 559 355 142 141 430 44 43 499 213 360 359 529 466 496 421 9 8 525 265 264 441 362 7 569 566 573 452 451 487 332 406 11 10 339 47 48 75 253 366 153 152 467 434 450 440 168 491 390 395 494 515 275 172 413 542 544 534 813 458 486 201 94 199 95 196 218 314 85 370 547 38 26 32 261 427 121 283 363 236 233 209 58 54 56 55 57 305 211 285 132 131 411 271 243 507 298 685 59 408 3 63 371 495 16 15 139 164 46 45 269 446 140 448 429 428 461 592 274 272 513 546 321 320 381 179 181 541 107 279 118 117 613 619 96 89 88 302 303 304 369 806 809 698 281 552 738 481 138 286 635 812 665 859 815 520 412 192 194 195 208 564 748 405 300 638 828 234 159 158 210 240 424 478 143 484 290 419 652 493 401 457 65 562 497 79 77 333 444 76 485 170 470 753 151 367 28 39 560 459 223 220 128 197 593 51 557 581 445 531 212 69 68 663 679 187 671 589 357 356 612 248 301 244 238 235 610 963 926 927 931 930 921 845 865 699 506 498 267 608 720 754 661 570 971 823 700 707 358 407 502 374 293 504 161 667 508 549 480 678 509 747 418 409 225 312 317 695 597 596 810 756 311 268 221 403 526 294 346 206 793 435 352 350 351 178 176 177 380 385 296 387 198 820 207 200 776 342 726 345 681 343 278 257 425 426 568 276 292 543 326 538 723 551 733 306 825 923 511 337 136 361 34 25 545 473 537 460 615 453 932 237 242 241 533 322 335 334 929 933 956 913 950 644 489 528 373 372 433 217 432 50 431 643 163 641 821 654 24 609 783 186 256 462 463 308 182 602 616 389 394 104 392 588 600 307 347 814 262 148 149 284 277 621 936 572 563 522 523 601 886 536 287 800 896 892 226 443 414 590 171 299 855 710 952 540 655 976 847 205 204 93 399 664 647 883 291 917 908 918 974 1000 922 488 856 246 247 649 666 324 565 266 674 833 822 953 970 925 981 919 33 891 124 99 323 447 799 273 216 579 690 101 768 708 599 125 935 937 120 662 640 838 368 391 112 476 66 67 477 841 719 632 836 706 694 585 939 255 471 607 519 465 786 490 410 548 344 349 907 851 903 388 947 611 270 623 202 313 310 938 872 880 949 224 951 957 760 818 530 582 906 230 898 920 669 730 627 550 442 860 914 900 978 777 535 126 840 714 797 779 955 689 378 734 905 539 745 325 713 969 958 962 500 765 912 510 555 672 503 193 832 826 803 1001 587 686 791 924 454 642 811 556 109 751 740 330 759 717 877 980 816 527 895 119 577 516 743 736 219 620 843 567 829 889 456 517 991 990 591 728 885 887 837 869 741 909 735 673 737 110 725 778 942 789 817 835 705 364 512 558 365 954 945 697 415 852 645 902 716 763 228 758 396 629 696 614 742 618 617 878 721 514 1003 989 111 866 624 650 715 766 727 348 839 824 999 501 844 692 996 
668 
928 
636 
1004 
899 
834 
704 
948 
657 
904 
761 
961 
960 
959 
659 
985 
871 
595 
770 
606 
787 
827 
998 
910 
712 
882 
966 
398 
382 
383 
890 
792 
853 
830 
915 
842 
881 
801 
868 
994 
894 
964 
574 
870 
874 
873 
940 
739 
475 
693 
631 
637 
622 
857 
626 
687 
709 
584 
861 
781 
911 
968 
795 
897 
983 
578 
796 
794 
819 
676 
239 
977 
867 
988 
864 
784 
646 
774 
718 
831 
769 
946 
384 
604 
722 
916 
479 
603 
449 
934 
594 
752 
780 
848 
850 
854 
876 
639 
849 
888 
884 
683 
807 
993 
997 
436 
972 
386 
1002 
984 
767 
805 
975 
973 
893 
315 
227 
472 
702 
862 
439 
724 
775 
967 
729 
804 
986 
757 
782 
576 
987 
965 
749 
625 
571 
771 
575 
605 
762 
586 
630 
532 
677 
764 
785 
628 
78 
680 
688 
583 
319 
682 
289 
701 
561 
130 
656 
505 
203 
402 
468 
1 
